4.995791054426953481e-01
6.968099343240626853e-01
7.893442012178777389e-01
8.398110512345358103e-01
8.707493959514277515e-01
8.914092652736941291e-01
9.060829792029658769e-01
9.169848138489056222e-01
9.253605301633603952e-01
9.319613753831568204e-01
9.372661902203875961e-01
9.415940880099279431e-01
9.451655704960062465e-01
9.481375818282232748e-01
9.506245787062250763e-01
9.527117052234845840e-01
9.544633109687720163e-01
9.559286164564713140e-01
9.571455717179281342e-01
9.581435355458710612e-01
9.589451631532120990e-01
9.595677478545026062e-01
9.600241753650751164e-01
9.603235943605320513e-01
9.604718710447882613e-01
9.604718710447878172e-01
9.603235943605314962e-01
9.600241753650748944e-01
9.595677478545027173e-01
9.589451631532122100e-01
9.581435355458711722e-01
9.571455717179282452e-01
9.559286164564713140e-01
9.544633109687721273e-01
9.527117052234842509e-01
9.506245787062247432e-01
9.481375818282233858e-01
9.451655704960063575e-01
9.415940880099278321e-01
9.372661902203872630e-01
9.319613753831562653e-01
9.253605301633602842e-01
9.169848138489057332e-01
9.060829792029662100e-01
8.914092652736943512e-01
8.707493959514280846e-01
8.398110512345358103e-01
7.893442012178776279e-01
6.968099343240623522e-01
4.995791054426952926e-01
3.015064874467188183e-01
4.983164306356777651e-01
6.207558193129124602e-01
6.991506077688376397e-01
7.517772672974813997e-01
7.888046859403829991e-01
8.159378376892639784e-01
8.364957460292963276e-01
8.524959314213794714e-01
8.652187811488780689e-01
8.755092974884656210e-01
8.839445913233179297e-01
8.909306121458742123e-01
8.967601781106625536e-01
9.016490277731916692e-01
9.057589312189411324e-01
9.092129221951320561e-01
9.121055831391854385e-01
9.145101348693704946e-01
9.164834073123444558e-01
9.180693692124749505e-01
9.193016528997236536e-01
9.202053592452659192e-01
9.207983310322644943e-01
9.210920187738318443e-01
9.210920187738315112e-01
9.207983310322636061e-01
9.202053592452655861e-01
9.193016528997235426e-01
9.180693692124752836e-01
9.164834073123444558e-01
9.145101348693703835e-01
9.121055831391854385e-01
9.092129221951323892e-01
9.057589312189411324e-01
9.016490277731913361e-01
8.967601781106624426e-01
8.909306121458741012e-01
8.839445913233180407e-01
8.755092974884656210e-01
8.652187811488776248e-01
8.524959314213793604e-01
8.364957460292965497e-01
8.159378376892644225e-01
7.888046859403834432e-01
7.517772672974818438e-01
6.991506077688379728e-01
6.207558193129125712e-01
4.983164306356775430e-01
3.015064874467186518e-01
2.081304137085020212e-01
3.741934814590173186e-01
4.962120376292571966e-01
5.842582932304213328e-01
6.484043795292773193e-01
6.960943735010923783e-01
7.323679395844111539e-01
7.605644011576367935e-01
7.829086683439829830e-01
8.009085203025094746e-01
8.156076272612788891e-01
8.277443676490043867e-01
8.378521086535105633e-01
8.463234906953611691e-01
8.534524230569375813e-01
8.594620696839563312e-01
8.645238634536299704e-01
8.687706590357680003e-01
8.723059773080235058e-01
8.752105896216608727e-01
8.775472534846199268e-01
8.793641352866508054e-01
8.806972776840009676e-01
8.815723517494259420e-01
8.820058542444431104e-01
8.820058542444431104e-01
8.815723517494258310e-01
8.806972776840009676e-01
8.793641352866510275e-01
8.775472534846204820e-01
8.752105896216612058e-01
8.723059773080237278e-01
8.687706590357684444e-01
8.645238634536303035e-01
8.594620696839561091e-01
8.534524230569373593e-01
8.463234906953607251e-01
8.378521086535102302e-01
8.277443676490043867e-01
8.156076272612790001e-01
8.009085203025092525e-01
7.829086683439832051e-01
7.605644011576373487e-01
7.323679395844118201e-01
6.960943735010928224e-01
6.484043795292778745e-01
5.842582932304216659e-01
4.962120376292573631e-01
3.741934814590174296e-01
2.081304137085021322e-01
1.568216859282720033e-01
2.941150438626325414e-01
4.056405565146773973e-01
4.932661479943132865e-01
5.614875840881143887e-01
6.148004889502978187e-01
6.568751459896521316e-01
6.904852506728564876e-01
7.176658204944067476e-01
7.398990044558975132e-01
7.582683236051364073e-01
7.735731433579103866e-01
7.864099641238015970e-01
7.972292529603337563e-01
8.063751040752411559e-01
8.141130610063168627e-01
8.206498028996638272e-01
8.261472122422333086e-01
8.307325257052949885e-01
8.345057203816557134e-01
8.375449198176934118e-01
8.399103570782586736e-01
8.416472644546608706e-01
8.427879440369961950e-01
8.433531922100715450e-01
8.433531922100717670e-01
8.427879440369963060e-01
8.416472644546609816e-01
8.399103570782593398e-01
8.375449198176939669e-01
8.345057203816559355e-01
8.307325257052952105e-01
8.261472122422337527e-01
8.206498028996641603e-01
8.141130610063171957e-01
8.063751040752412669e-01
7.972292529603336453e-01
7.864099641238013749e-01
7.735731433579106087e-01
7.582683236051365183e-01
7.398990044558976242e-01
7.176658204944069697e-01
6.904852506728570427e-01
6.568751459896526868e-01
6.148004889502983739e-01
5.614875840881149438e-01
4.932661479943137861e-01
4.056405565146774528e-01
2.941150438626326524e-01
1.568216859282720588e-01
1.250412861419534227e-01
2.398044515485634187e-01
3.389689965725063425e-01
4.216781581440403048e-01
4.894793198785693522e-01
5.447448522223324874e-01
5.898469047510430663e-01
6.268356350497307217e-01
6.573703585048898956e-01
6.827533534215382005e-01
7.039935193454591733e-01
7.218699180537000437e-01
7.369853515234512376e-01
7.498084529469311033e-01
7.607056792773768672e-01
7.699652673664066915e-01
7.778150748964753891e-01
7.844358613282065296e-01
7.899711928892673152e-01
7.945348463819735807e-01
7.982163483262394443e-01
8.010851087540306059e-01
8.031934790193877571e-01
8.045789677338262003e-01
8.052657783487759957e-01
8.052657783487761067e-01
8.045789677338265333e-01
8.031934790193879792e-01
8.010851087540311610e-01
7.982163483262401105e-01
7.945348463819741358e-01
7.899711928892676482e-01
7.844358613282069737e-01
7.778150748964756112e-01
7.699652673664066915e-01
7.607056792773769782e-01
7.498084529469313253e-01
7.369853515234511265e-01
7.218699180537000437e-01
7.039935193454591733e-01
6.827533534215383115e-01
6.573703585048901177e-01
6.268356350497313878e-01
5.898469047510436214e-01
5.447448522223330425e-01
4.894793198785698518e-01
4.216781581440407489e-01
3.389689965725066201e-01
2.398044515485636130e-01
1.250412861419535338e-01
1.035390070909783522e-01
2.010924796171615070e-01
2.887528200827442770e-01
3.649981681307721826e-01
4.300066850597902279e-01
4.848526953094198788e-01
5.309319857424568134e-01
5.696400262701339923e-01
6.022266250538836907e-01
6.297505313799064419e-01
6.530824823014617087e-01
6.729276579879793774e-01
6.898530709693726504e-01
7.043135280265627740e-01
7.166738927209284071e-01
7.272272542854572031e-01
7.362093679916243971e-01
7.438099652848506604e-01
7.501815381415939399e-01
7.554461239307324050e-01
7.597005183512605120e-01
7.630202505922364375e-01
7.654625751350330187e-01
7.670686695301448532e-01
7.678651751024300198e-01
7.678651751024303529e-01
7.670686695301451863e-01
7.654625751350334628e-01
7.630202505922372147e-01
7.597005183512611781e-01
7.554461239307331821e-01
7.501815381415944950e-01
7.438099652848508825e-01
7.362093679916248412e-01
7.272272542854574251e-01
7.166738927209289622e-01
7.043135280265633291e-01
6.898530709693732055e-01
6.729276579879797104e-01
6.530824823014619307e-01
6.297505313799065529e-01
6.022266250538840238e-01
5.696400262701343253e-01
5.309319857424574796e-01
4.848526953094203784e-01
4.300066850597907830e-01
3.649981681307727377e-01
2.887528200827447211e-01
2.010924796171617568e-01
1.035390070909784771e-01
8.802226260479846520e-02
1.722736397463599800e-01
2.499516360105370483e-01
3.195550092365139205e-01
3.806965569203996091e-01
4.337272582130994314e-01
4.793883166392309825e-01
5.185658592344641882e-01
5.521455840606044330e-01
5.809396647427418348e-01
6.056582204925017310e-01
6.269051606273828847e-01
6.451857463394977676e-01
6.609186954690190463e-01
6.744491092943173394e-01
6.860604890628688723e-01
6.959851774997145579e-01
7.044130936779773311e-01
7.114988704615252679e-01
7.173675928481016983e-01
7.221193505558334280e-01
7.258328001286216136e-01
7.285679013983634711e-01
7.303679601492902851e-01
7.312610774283698767e-01
7.312610774283702098e-01
7.303679601492907292e-01
7.285679013983641372e-01
7.258328001286225017e-01
7.221193505558343162e-01
7.173675928481026975e-01
7.114988704615260451e-01
7.044130936779779972e-01
6.959851774997153351e-01
6.860604890628695385e-01
6.744491092943178945e-01
6.609186954690196014e-01
6.451857463394984338e-01
6.269051606273834398e-01
6.056582204925020640e-01
5.809396647427420568e-01
5.521455840606048771e-01
5.185658592344648543e-01
4.793883166392317041e-01
4.337272582131003751e-01
3.806965569204004418e-01
3.195550092365146422e-01
2.499516360105376866e-01
1.722736397463603408e-01
8.802226260479860398e-02
7.627640358185550085e-02
1.500281807529429134e-01
2.192250749765304318e-01
2.825736758843471752e-01
3.394972751721951343e-01
3.899714639833476992e-01
4.343281633669033304e-01
4.730895099678877336e-01
5.068501872113276852e-01
5.362043230379545111e-01
5.617055742984201627e-01
5.838490176895526629e-01
6.030660582922167112e-01
6.197263982156977491e-01
6.341433599244525876e-01
6.465804151719867221e-01
6.572577592663877422e-01
6.663583614658187271e-01
6.740332571784278803e-01
6.804060264443163586e-01
6.855764908953490000e-01
6.896236979680530066e-01
6.926082701805087449e-01
6.945741922402826063e-01
6.955500970333896582e-01
6.955500970333898803e-01
6.945741922402832724e-01
6.926082701805094111e-01
6.896236979680545609e-01
6.855764908953502212e-01
6.804060264443174688e-01
6.740332571784291016e-01
6.663583614658196153e-01
6.572577592663887414e-01
6.465804151719878323e-01
6.341433599244534758e-01
6.197263982156988593e-01
6.030660582922178214e-01
5.838490176895536621e-01
5.617055742984209399e-01
5.362043230379551773e-01
5.068501872113284623e-01
4.730895099678885107e-01
4.343281633669040520e-01
3.899714639833484764e-01
3.394972751721958004e-01
2.825736758843477303e-01
2.192250749765309870e-01
1.500281807529432743e-01
7.627640358185566738e-02
6.705517096968063862e-02
1.323376047070257411e-01
1.943468072582947015e-01
2.520173441521488256e-01
3.047474039006859425e-01
3.523331591811927899e-01
3.948633628771468507e-01
4.326138300588558416e-01
4.659613317788645070e-01
4.953218658993285284e-01
5.211107359736714129e-01
5.437192775401906708e-01
5.635030709241186653e-01
5.807774791771027623e-01
5.958175170158085399e-01
6.088600524342380194e-01
6.201070829280311836e-01
6.297293357404818437e-01
6.378697703420515008e-01
6.446467648553867447e-01
6.501568886131934288e-01
6.544772306677343332e-01
6.576672891153352296e-01
6.597704415979420700e-01
6.608150214315164916e-01
6.608150214315167137e-01
6.597704415979428472e-01
6.576672891153360068e-01
6.544772306677354434e-01
6.501568886131946501e-01
6.446467648553879659e-01
6.378697703420527221e-01
6.297293357404830649e-01
6.201070829280322938e-01
6.088600524342393516e-01
5.958175170158098721e-01
5.807774791771042056e-01
5.635030709241201086e-01
5.437192775401922251e-01
5.211107359736726341e-01
4.953218658993296941e-01
4.659613317788658948e-01
4.326138300588570629e-01
3.948633628771480164e-01
3.523331591811937336e-01
3.047474039006867752e-01
2.520173441521495472e-01
1.943468072582952844e-01
1.323376047070260741e-01
6.705517096968080515e-02
5.960667558984129866e-02
1.179202598471847108e-01
1.738072051974740295e-01
2.264014895652676218e-01
2.751418370972070759e-01
3.197504059635906670e-01
3.601782989016357739e-01
3.965411156115247193e-01
4.290594439459462506e-01
4.580110728068237380e-01
4.836962261567465116e-01
5.064142855734206083e-01
5.264494686869646278e-01
5.440629305527864279e-01
5.594891765274405682e-01
5.729351946211258539e-01
5.845811842710164630e-01
5.945821282260259633e-01
6.030697235939093126e-01
6.101543740219858014e-01
6.159270680343038595e-01
6.204610469743558898e-01
6.238132140151554372e-01
6.260252636046339525e-01
6.271245256632176357e-01
6.271245256632178577e-01
6.260252636046349517e-01
6.238132140151564364e-01
6.204610469743567780e-01
6.159270680343049698e-01
6.101543740219871337e-01
6.030697235939108669e-01
5.945821282260275176e-01
5.845811842710180173e-01
5.729351946211275193e-01
5.594891765274423445e-01
5.440629305527879822e-01
5.264494686869662932e-01
5.064142855734220516e-01
4.836962261567477883e-01
4.580110728068249593e-01
4.290594439459475828e-01
3.965411156115259406e-01
3.601782989016368841e-01
3.197504059635915552e-01
2.751418370972079641e-01
2.264014895652682602e-01
1.738072051974744736e-01
1.179202598471850300e-01
5.960667558984145131e-02
5.345127154249984525e-02
1.059295538943978987e-01
1.565602641191488897e-01
2.046395718142405007e-01
2.496680489592841279e-01
2.913483286743270284e-01
3.295583111542810806e-01
3.643128895396611222e-01
3.957242555865720934e-01
4.239667552252737170e-01
4.492488102730703425e-01
4.717921699097806787e-01
4.918175876975331429e-01
5.095355978196374203e-01
5.251410639200413399e-01
5.388103652518083653e-01
5.507003313088829621e-01
5.609482692986964558e-01
5.696726217855743180e-01
5.769739396043435109e-01
5.829359625276804291e-01
5.876266751802294852e-01
5.910992563662967880e-01
5.933928731422213332e-01
5.945332919535017968e-01
5.945332919535021299e-01
5.933928731422222214e-01
5.910992563662977872e-01
5.876266751802305954e-01
5.829359625276815393e-01
5.769739396043447321e-01
5.696726217855759833e-01
5.609482692986981212e-01
5.507003313088847385e-01
5.388103652518103637e-01
5.251410639200433383e-01
5.095355978196394187e-01
4.918175876975349192e-01
4.717921699097822885e-01
4.492488102730716748e-01
4.239667552252750493e-01
3.957242555865733147e-01
3.643128895396622324e-01
3.295583111542819688e-01
2.913483286743278611e-01
2.496680489592849883e-01
2.046395718142412223e-01
1.565602641191493616e-01
1.059295538943982040e-01
5.345127154249999096e-02
4.826885668576015587e-02
9.578642006875814907e-02
1.418647255704831023e-01
1.859284846132614188e-01
2.275424582513619065e-01
2.664165486201521271e-01
3.023937275014999537e-01
3.354278758062666510e-01
3.655579336354071174e-01
3.928828822346288607e-01
4.175400898004806294e-01
4.396879960950987321e-01
4.594931143737499557e-01
4.771208091081892144e-01
4.927291160812788950e-01
5.064648711571835271e-01
5.184615064140107865e-01
5.288379958743025799e-01
5.376985546453483256e-01
5.451328000821331621e-01
5.512161672918445277e-01
5.560104348525847229e-01
5.595642631275810075e-01
5.619136806444531285e-01
5.630824770550664216e-01
5.630824770550666436e-01
5.619136806444539056e-01
5.595642631275822287e-01
5.560104348525861662e-01
5.512161672918458599e-01
5.451328000821346054e-01
5.376985546453498799e-01
5.288379958743041342e-01
5.184615064140125629e-01
5.064648711571857476e-01
4.927291160812810600e-01
4.771208091081911573e-01
4.594931143737517876e-01
4.396879960951005084e-01
4.175400898004821837e-01
3.928828822346301930e-01
3.655579336354083386e-01
3.354278758062677612e-01
3.023937275015008419e-01
2.664165486201530153e-01
2.275424582513626282e-01
1.859284846132620295e-01
1.418647255704835464e-01
9.578642006875844050e-02
4.826885668576030852e-02
4.383773513178262915e-02
8.708254412439143943e-02
1.291837334807639237e-01
1.696671828169602214e-01
2.081567508127499244e-01
2.443816800534196476e-01
2.781721744252997897e-01
3.094469525484984662e-01
3.381967209141610309e-01
3.644667502773538681e-01
3.883406705991248598e-01
4.099266102963836644e-01
4.293460645941787890e-01
4.467254081580904757e-01
4.621897201397020538e-01
4.758584968816366723e-01
4.878428273156736883e-01
4.982436531391545298e-01
5.071508008393833533e-01
5.146425387869961732e-01
5.207854717049795745e-01
5.256346338106843152e-01
5.292336806469892796e-01
5.316151092529441957e-01
5.328004585672440063e-01
5.328004585672441173e-01
5.316151092529449729e-01
5.292336806469907229e-01
5.256346338106857585e-01
5.207854717049811288e-01
5.146425387869978385e-01
5.071508008393852407e-01
4.982436531391564727e-01
4.878428273156756312e-01
4.758584968816386707e-01
4.621897201397041077e-01
4.467254081580923630e-01
4.293460645941806209e-01
4.099266102963853853e-01
3.883406705991263586e-01
3.644667502773552004e-01
3.381967209141621966e-01
3.094469525484996320e-01
2.781721744253007889e-01
2.443816800534204803e-01
2.081567508127505628e-01
1.696671828169607488e-01
1.291837334807643400e-01
8.708254412439173087e-02
4.383773513178278181e-02
3.999953971697892130e-02
7.952228781626109744e-02
1.181204814112209178e-01
1.553997623610656187e-01
1.910356821292577834e-01
2.247812463554768048e-01
2.564663375977812021e-01
2.859910390482666154e-01
3.133152471953843388e-01
3.384467273615007765e-01
3.614292320222812771e-01
3.823317098971322769e-01
4.012391255484913932e-01
4.182450387902918454e-01
4.334458594378026164e-01
4.469365689139874753e-01
4.588076528278930422e-01
4.691429885272586642e-01
4.780184567860348288e-01
4.855010825214885473e-01
4.916485469303937261e-01
4.965089480381834619e-01
5.001207163967482661e-01
5.025126171530904795e-01
5.037037893937210686e-01
5.037037893937211797e-01
5.025126171530911456e-01
5.001207163967493763e-01
4.965089480381848497e-01
4.916485469303953360e-01
4.855010825214903791e-01
4.780184567860368272e-01
4.691429885272606071e-01
4.588076528278949295e-01
4.469365689139893072e-01
4.334458594378043372e-01
4.182450387902935107e-01
4.012391255484930586e-01
3.823317098971338313e-01
3.614292320222827759e-01
3.384467273615021643e-01
3.133152471953857265e-01
2.859910390482677256e-01
2.564663375977821458e-01
2.247812463554775819e-01
1.910356821292584217e-01
1.553997623610661460e-01
1.181204814112212648e-01
7.952228781626134724e-02
3.999953971697905314e-02
3.663813591987195167e-02
7.288658601245312507e-02
1.083761419867930176e-01
1.427757030868236354e-01
1.758049689877387578e-01
2.072412856414485860e-01
2.369208905620814598e-01
2.647356188514022879e-01
2.906265014576093209e-01
3.145756799509835666e-01
3.365978202313674172e-01
3.567318717213727175e-01
3.750336889123627171e-01
3.915697620167833404e-01
4.064121099072292020e-01
4.196342665086178481e-01
4.313082265546523963e-01
4.415021913559524780e-01
4.502789552560090280e-01
4.576947875825294054e-01
4.637986854569231543e-01
4.686318950149075402e-01
4.722276197487301763e-01
4.746108535689484431e-01
4.757982924608286646e-01
4.757982924608288311e-01
4.746108535689488872e-01
4.722276197487308980e-01
4.686318950149088169e-01
4.637986854569245421e-01
4.576947875825311263e-01
4.502789552560108044e-01
4.415021913559542543e-01
4.313082265546540617e-01
4.196342665086195689e-01
4.064121099072307564e-01
3.915697620167846171e-01
3.750336889123639939e-01
3.567318717213742163e-01
3.365978202313689160e-01
3.145756799509850099e-01
2.906265014576105976e-01
2.647356188514033426e-01
2.369208905620824313e-01
2.072412856414493909e-01
1.758049689877393684e-01
1.427757030868241073e-01
1.083761419867933506e-01
7.288658601245334712e-02
3.663813591987206270e-02
3.366641795005575338e-02
6.700977832688637115e-02
9.972179743667430873e-02
1.315219390116971476e-01
1.621672050934251097e-01
1.914580366604973771e-01
2.192403201576939575e-01
2.454040443376516445e-01
2.698794598326670346e-01
2.926316707534569184e-01
3.136544972308324963e-01
3.329642678446289583e-01
3.505939963628029732e-01
3.665882104572496525e-01
3.809985516657128368e-01
3.938801606586026516e-01
4.052887955261460506e-01
4.152785950858898234e-01
4.239003852995195110e-01
4.312004270956970586e-01
4.372195122998618899e-01
4.419923268157939233e-01
4.455470140143159563e-01
4.479048849131444521e-01
4.490802344198162599e-01
4.490802344198163709e-01
4.479048849131447851e-01
4.455470140143164004e-01
4.419923268157948670e-01
4.372195122998630556e-01
4.312004270956982799e-01
4.239003852995208987e-01
4.152785950858912667e-01
4.052887955261477160e-01
3.938801606586040949e-01
3.809985516657140581e-01
3.665882104572507627e-01
3.505939963628039724e-01
3.329642678446300685e-01
3.136544972308337176e-01
2.926316707534581951e-01
2.698794598326681449e-01
2.454040443376526159e-01
2.192403201576947902e-01
1.914580366604981543e-01
1.621672050934256926e-01
1.315219390116976195e-01
9.972179743667464180e-02
6.700977832688660707e-02
3.366641795005587134e-02
3.101775755346470806e-02
6.176431190836235291e-02
9.197933042132074022e-02
1.214230504298655228e-01
1.498838757137672117e-01
1.771833357494219108e-01
2.031783090705452932e-01
2.277607785088432979e-01
2.508556227819502271e-01
2.724170459993446869e-01
2.924242300938766914e-01
3.108767060635075352e-01
3.277898182369700097e-01
3.431905317836994040e-01
3.571137256397698967e-01
3.695990289339336488e-01
3.806881998054396643e-01
3.904230081619411985e-01
3.988435637604821893e-01
4.059870232008775393e-01
4.118866098310337565e-01
4.165708859340907511e-01
4.200632245795948849e-01
4.223814376494970935e-01
4.235375258854753300e-01
4.235375258854755520e-01
4.223814376494974820e-01
4.200632245795953290e-01
4.165708859340913617e-01
4.118866098310345336e-01
4.059870232008785940e-01
3.988435637604833550e-01
3.904230081619424753e-01
3.806881998054411076e-01
3.695990289339351476e-01
3.571137256397710069e-01
3.431905317837004588e-01
3.277898182369711200e-01
3.108767060635087010e-01
2.924242300938778016e-01
2.724170459993457416e-01
2.508556227819512263e-01
2.277607785088442416e-01
2.031783090705461814e-01
1.771833357494226602e-01
1.498838757137677946e-01
1.214230504298659946e-01
9.197933042132108716e-02
6.176431190836258189e-02
3.101775755346482255e-02
2.864030035544072941e-02
5.705038133177761650e-02
8.500816191038083891e-02
1.123070565726770192e-01
1.387619115823562066e-01
1.642131215528777333e-01
1.885288018662220899e-01
2.116051378452260823e-01
2.333652067869459168e-01
2.537566603680947441e-01
2.727486710818220472e-01
2.903285080785545369e-01
3.064980387378701820e-01
3.212703728008080573e-01
3.346667901757333641e-01
3.467140296319228820e-01
3.574419665997377038e-01
3.668816739959531725e-01
3.750638383795907860e-01
3.820174921162973192e-01
3.877690178893047901e-01
3.923413825099403840e-01
3.957535607204756278e-01
3.980201152197739844e-01
3.991509055871126366e-01
3.991509055871127476e-01
3.980201152197743175e-01
3.957535607204760719e-01
3.923413825099409946e-01
3.877690178893054007e-01
3.820174921162979853e-01
3.750638383795916186e-01
3.668816739959540607e-01
3.574419665997387585e-01
3.467140296319240478e-01
3.346667901757345298e-01
3.212703728008091120e-01
3.064980387378714033e-01
2.903285080785556471e-01
2.727486710818230464e-01
2.537566603680956323e-01
2.333652067869467772e-01
2.116051378452269704e-01
1.885288018662229503e-01
1.642131215528785382e-01
1.387619115823567895e-01
1.123070565726774772e-01
8.500816191038115810e-02
5.705038133177781773e-02
2.864030035544084044e-02
2.649306253652060697e-02
5.278875115292652048e-02
7.869587931574797968e-02
1.040351023681054948e-01
1.286435924901029315e-01
1.523784370135110311e-01
1.751186389962392509e-01
1.967657642188931355e-01
2.172434061525126137e-01
2.364957176042661868e-01
2.544852857867621054e-01
2.711906164310183276e-01
2.866034558351484018e-01
3.007261305059291123e-01
3.135690326304326203e-01
3.251483328182869781e-01
3.354839629656350408e-01
3.445978828425428908e-01
3.525126236456306850e-01
3.592500889954161059e-01
3.648305870999477563e-01
3.692720654958904225e-01
3.725895205725933135e-01
3.747945569220106909e-01
3.758950756560887618e-01
3.758950756560888173e-01
3.747945569220109685e-01
3.725895205725937576e-01
3.692720654958909776e-01
3.648305870999482003e-01
3.592500889954165499e-01
3.525126236456311846e-01
3.445978828425435569e-01
3.354839629656358735e-01
3.251483328182878663e-01
3.135690326304336195e-01
3.007261305059301670e-01
2.866034558351494566e-01
2.711906164310193268e-01
2.544852857867631046e-01
2.364957176042671305e-01
2.172434061525134741e-01
1.967657642188939404e-01
1.751186389962399725e-01
1.523784370135116972e-01
1.286435924901034589e-01
1.040351023681059250e-01
7.869587931574831274e-02
5.278875115292673559e-02
2.649306253652071105e-02
2.454319863771517798e-02
4.891568142765991001e-02
7.295150183157907142e-02
9.649388109389403501e-02
1.193989189964389935e-01
1.415383950148242087e-01
1.628015528863308026e-01
1.830958738815945952e-01
2.023469359999450767e-01
2.204975181096953674e-01
2.375061380299419989e-01
2.533452160236083217e-01
2.679990376657760964e-01
2.814616607573273699e-01
2.937348770217810823e-01
3.048263060451573137e-01
3.147476696019727571e-01
3.235132707629527760e-01
3.311386843649728462e-01
3.376396531197886075e-01
3.430311760191797621e-01
3.473267718010805138e-01
3.505378991519965126e-01
3.526735162395867595e-01
3.537397644591429025e-01
3.537397644591429580e-01
3.526735162395869261e-01
3.505378991519968457e-01
3.473267718010807359e-01
3.430311760191799841e-01
3.376396531197887185e-01
3.311386843649729017e-01
3.235132707629531090e-01
3.147476696019732012e-01
3.048263060451579243e-01
2.937348770217819149e-01
2.814616607573281470e-01
2.679990376657769846e-01
2.533452160236091544e-01
2.375061380299429981e-01
2.204975181096963666e-01
2.023469359999459372e-01
1.830958738815953168e-01
1.628015528863313577e-01
1.415383950148247638e-01
1.193989189964394931e-01
9.649388109389440971e-02
7.295150183157936286e-02
4.891568142766009042e-02
2.454319863771527513e-02
2.276405058668019843e-02
4.537927408841883892e-02
6.770056548901440263e-02
8.959000117945253860e-02
1.109198073869347989e-01
1.315746711630160770e-01
1.514533036526650167e-01
1.704692424212093382e-01
1.885509458559777862e-01
2.056412808046282903e-01
2.216965321997022564e-01
2.366850719676968084e-01
2.505858180470204588e-01
2.633865978358229665e-01
2.750825086542070252e-01
2.856743447385885482e-01
2.951671386341456760e-01
3.035688462423227207e-01
3.108891899315185947e-01
3.171386630995858269e-01
3.223276920559021708e-01
3.264659465372552472e-01
3.295617879947255191e-01
3.316218444251972097e-01
3.326507014817531860e-01
3.326507014817531305e-01
3.316218444251972652e-01
3.295617879947256301e-01
3.264659465372553027e-01
3.223276920559020597e-01
3.171386630995857714e-01
3.108891899315185392e-01
3.035688462423229428e-01
2.951671386341459535e-01
2.856743447385888812e-01
2.750825086542075804e-01
2.633865978358236326e-01
2.505858180470211249e-01
2.366850719676975023e-01
2.216965321997030891e-01
2.056412808046292062e-01
1.885509458559785911e-01
1.704692424212100044e-01
1.514533036526655441e-01
1.315746711630165766e-01
1.109198073869352430e-01
8.959000117945289943e-02
6.770056548901466631e-02
4.537927408841901933e-02
2.276405058668029904e-02
2.113372962058680457e-02
4.213679885032086542e-02
6.288148485660713383e-02
8.324575074796693175e-02
1.031156382088316142e-01
1.223871785976402837e-01
1.409677481401038213e-01
1.587768462945998993e-01
1.757463241981283564e-01
1.918201270531380009e-01
2.069536379965420392e-01
2.211127216004560581e-01
2.342725647187859361e-01
2.464164038847372340e-01
2.575342150206356706e-01
2.676214256208440112e-01
2.766776939536985669e-01
2.847057856406739473e-01
2.917105660191925964e-01
2.976981172911341567e-01
3.026749825675872918e-01
3.066475342973131735e-01
3.096214618644531624e-01
3.116013719847233743e-01
3.125904955609195568e-01
3.125904955609195568e-01
3.116013719847233743e-01
3.096214618644531069e-01
3.066475342973129514e-01
3.026749825675870142e-01
2.976981172911339346e-01
2.917105660191924854e-01
2.847057856406740028e-01
2.766776939536987889e-01
2.676214256208442333e-01
2.575342150206360037e-01
2.464164038847376226e-01
2.342725647187864080e-01
2.211127216004565299e-01
2.069536379965426220e-01
1.918201270531385838e-01
1.757463241981289670e-01
1.587768462946005377e-01
1.409677481401043209e-01
1.223871785976407833e-01
1.031156382088319889e-01
8.324575074796722318e-02
6.288148485660736975e-02
4.213679885032103889e-02
2.113372962058688784e-02
1.963406904534615444e-02
3.915270683567068782e-02
5.844282433912637020e-02
7.739587874697645420e-02
9.590981610278440095e-02
1.138906568786096501e-01
1.312536640155100298e-01
1.479240704189581090e-01
1.638373775887977390e-01
1.789392652132530959e-01
1.931851711328716192e-01
2.065396117187993652e-01
2.189753153429301047e-01
2.304722379637042518e-01
2.410165219227544120e-01
2.505994487704532592e-01
2.592164259191307996e-01
2.668660363474818498e-01
2.735491712134436315e-01
2.792682574781710225e-01
2.840265866259994998e-01
2.878277462199567149e-01
2.906751531810506939e-01
2.925716860883236792e-01
2.935194132162821656e-01
2.935194132162821656e-01
2.925716860883236237e-01
2.906751531810504718e-01
2.878277462199564929e-01
2.840265866259991667e-01
2.792682574781707450e-01
2.735491712134434650e-01
2.668660363474818498e-01
2.592164259191309661e-01
2.505994487704534812e-01
2.410165219227546063e-01
2.304722379637044738e-01
2.189753153429303822e-01
2.065396117187997260e-01
1.931851711328720911e-01
1.789392652132535677e-01
1.638373775887982386e-01
1.479240704189586919e-01
1.312536640155105294e-01
1.138906568786100526e-01
9.590981610278472014e-02
7.739587874697670400e-02
5.844282433912657143e-02
3.915270683567083354e-02
1.963406904534622383e-02
1.824983972512712535e-02
3.639713510788938206e-02
5.434122691725116333e-02
7.198512379802811390e-02
8.923709057671985745e-02
1.060119687985038722e-01
1.222321806243686637e-01
1.378283937769248513e-01
1.527398505248514504e-01
1.669143850782051075e-01
1.803081696028920045e-01
1.928852387989397066e-01
2.046168469704306991e-01
2.154807107043952841e-01
2.254601859362244110e-01
2.345434216190838694e-01
2.427225246048895779e-01
2.499927626166790207e-01
2.563518250089290573e-01
2.617991547821066356e-01
2.663353602382829144e-01
2.699617107754637146e-01
2.726797185514691080e-01
2.744908059712387605e-01
2.753960579996033164e-01
2.753960579996032054e-01
2.744908059712385384e-01
2.726797185514687749e-01
2.699617107754633816e-01
2.663353602382825813e-01
2.617991547821064136e-01
2.563518250089288908e-01
2.499927626166789096e-01
2.427225246048895224e-01
2.345434216190839249e-01
2.254601859362244110e-01
2.154807107043953396e-01
2.046168469704308379e-01
1.928852387989399286e-01
1.803081696028922543e-01
1.669143850782053851e-01
1.527398505248518945e-01
1.378283937769252676e-01
1.222321806243690384e-01
1.060119687985041914e-01
8.923709057672016276e-02
7.198512379802830818e-02
5.434122691725135068e-02
3.639713510788950696e-02
1.824983972512718086e-02
1.696815474727296144e-02
3.384476695350856212e-02
5.053982442396085656e-02
6.696629895116495979e-02
8.304145360756305660e-02
9.868794711431733147e-02
1.138346959065359015e-01
1.284174735395212374e-01
1.423792456554781594e-01
1.556702549718237405e-01
1.682478834015516123e-01
1.800763269036367853e-01
1.911261230354574514e-01
2.013735719472216912e-01
2.108000894986639118e-01
2.193915271647683130e-01
2.271374882646645110e-01
2.340306645054155976e-01
2.400662114234869970e-01
2.452411764030435481e-01
2.495539887695617520e-01
2.530040180921461213e-01
2.555912042781230964e-01
2.573157612455587717e-01
2.581779548112889677e-01
2.581779548112888567e-01
2.573157612455585497e-01
2.555912042781227633e-01
2.530040180921458437e-01
2.495539887695615300e-01
2.452411764030432983e-01
2.400662114234868028e-01
2.340306645054154866e-01
2.271374882646644000e-01
2.193915271647682297e-01
2.108000894986638563e-01
2.013735719472216634e-01
1.911261230354574514e-01
1.800763269036368963e-01
1.682478834015517510e-01
1.556702549718239348e-01
1.423792456554783814e-01
1.284174735395215428e-01
1.138346959065361791e-01
9.868794711431755351e-02
8.304145360756329253e-02
6.696629895116514020e-02
5.053982442396100228e-02
3.384476695350866621e-02
1.696815474727301001e-02
1.577801231045616176e-02
3.147395353491106579e-02
4.700700487391873406e-02
6.229879397510780514e-02
7.727447778805016099e-02
9.186367014466641223e-02
1.060011823479364013e-01
1.196275588191460654e-01
1.326894035857161813e-01
1.451395057520602216e-01
1.569367821278539465e-01
1.680460623785984542e-01
1.784377463205406023e-01
1.880873645503701452e-01
1.969750729464411765e-01
2.050851092766609596e-01
2.124052367835846666e-01
2.189261957168321671e-01
2.246411797765597573e-01
2.295453506370188634e-01
2.336354003447746186e-01
2.369091685454358664e-01
2.393653192233183846e-01
2.410030799215842623e-01
2.418220451887048150e-01
2.418220451887047318e-01
2.410030799215840402e-01
2.393653192233181626e-01
2.369091685454356444e-01
2.336354003447743133e-01
2.295453506370185859e-01
2.246411797765594798e-01
2.189261957168319173e-01
2.124052367835844168e-01
2.050851092766608486e-01
1.969750729464411210e-01
1.880873645503700620e-01
1.784377463205405467e-01
1.680460623785983987e-01
1.569367821278539465e-01
1.451395057520603049e-01
1.326894035857162923e-01
1.196275588191462180e-01
1.060011823479365539e-01
9.186367014466657877e-02
7.727447778805029976e-02
6.229879397510793698e-02
4.700700487391883120e-02
3.147395353491114212e-02
1.577801231045619992e-02
1.466994095964060940e-02
2.926603000176081909e-02
4.371544756169518098e-02
5.794739428729739350e-02
7.189399342486332833e-02
8.549107332836172746e-02
9.867880452139721204e-02
1.114021758034104415e-01
1.236113041161802650e-01
1.352615823228470182e-01
1.463136769792053871e-01
1.567333941623623716e-01
1.664914353177363027e-01
1.755630669872771388e-01
1.839277284600698004e-01
1.915686002118497933e-01
1.984721538761808068e-01
2.046277018017686467e-01
2.100269613289009740e-01
2.146636460236975852e-01
2.185330934270818259e-01
2.216319365215044246e-01
2.239578241481302301e-01
2.255091940287550500e-01
2.262851008332412706e-01
2.262851008332412706e-01
2.255091940287549945e-01
2.239578241481301468e-01
2.216319365215043136e-01
2.185330934270815761e-01
2.146636460236972521e-01
2.100269613289007242e-01
2.046277018017684246e-01
1.984721538761805570e-01
1.915686002118496267e-01
1.839277284600696616e-01
1.755630669872770833e-01
1.664914353177362194e-01
1.567333941623623161e-01
1.463136769792053316e-01
1.352615823228470737e-01
1.236113041161803205e-01
1.114021758034105525e-01
9.867880452139732306e-02
8.549107332836182460e-02
7.189399342486341160e-02
5.794739428729746983e-02
4.371544756169525037e-02
2.926603000176087460e-02
1.466994095964063889e-02
1.363572152634545849e-02
2.720477795079643407e-02
4.064136108380378420e-02
5.388134218752325955e-02
6.686302829574403139e-02
7.952782522251998498e-02
9.182078660588025021e-02
1.036910357569183205e-01
1.150920547527473914e-01
1.259818424439422546e-01
1.363229493037581563e-01
1.460824019739093149e-01
1.552315338007651535e-01
1.637457396209324179e-01
1.716041736947110652e-01
1.787894092344874952e-01
1.852870767075202041e-01
1.910854962851606942e-01
1.961753177135778792e-01
2.005491787017883998e-01
2.042013908183507032e-01
2.071276599653697481e-01
2.093248468189431444e-01
2.107907712120645760e-01
2.115240632822639744e-01
2.115240632822639744e-01
2.107907712120645760e-01
2.093248468189431166e-01
2.071276599653696926e-01
2.042013908183505089e-01
2.005491787017881777e-01
1.961753177135776849e-01
1.910854962851604721e-01
1.852870767075199543e-01
1.787894092344873287e-01
1.716041736947109264e-01
1.637457396209323623e-01
1.552315338007650980e-01
1.460824019739092594e-01
1.363229493037580453e-01
1.259818424439421714e-01
1.150920547527473359e-01
1.036910357569183344e-01
9.182078660588029184e-02
7.952782522252002662e-02
6.686302829574405915e-02
5.388134218752328730e-02
4.064136108380382584e-02
2.720477795079645836e-02
1.363572152634547063e-02
1.266816719494478355e-02
2.527599919127567277e-02
3.776387663520028304e-02
5.007358508324778745e-02
6.214895234806956659e-02
7.393641266009391699e-02
8.538548092268548328e-02
9.644912586563525458e-02
1.070840366939486421e-01
1.172507833964163693e-01
1.269138758179756687e-01
1.360417306287516337e-01
1.446065582904826341e-01
1.525841840009765360e-01
1.599538174633545473e-01
1.666977863238689461e-01
1.728012474342517368e-01
1.782518889177760191e-01
1.830396345384613932e-01
1.871563602515275149e-01
1.905956311791628111e-01
1.933524657026808036e-01
1.954231319502080511e-01
1.968049807182961630e-01
1.974963178014861043e-01
1.974963178014860765e-01
1.968049807182961353e-01
1.954231319502080788e-01
1.933524657026808036e-01
1.905956311791626723e-01
1.871563602515273206e-01
1.830396345384613099e-01
1.782518889177759080e-01
1.728012474342515148e-01
1.666977863238688351e-01
1.599538174633544085e-01
1.525841840009763972e-01
1.446065582904825508e-01
1.360417306287515504e-01
1.269138758179755855e-01
1.172507833964162860e-01
1.070840366939485866e-01
9.644912586563522683e-02
8.538548092268546941e-02
7.393641266009391699e-02
6.214895234806956659e-02
5.007358508324780133e-02
3.776387663520029692e-02
2.527599919127566583e-02
1.266816719494478355e-02
1.176094806215800814e-02
2.346717498416116265e-02
3.506456118247390508e-02
4.650016916219808921e-02
5.772278335319255133e-02
6.868339214710064700e-02
7.933559855913252523e-02
8.963595008898857242e-02
9.954418276099556706e-02
1.090233786297989393e-01
1.180400399429765296e-01
1.265640864326389170e-01
1.345687847314372410e-01
1.420306206291365447e-01
1.489291258338616419e-01
1.552466711633821717e-01
1.609682377878418336e-01
1.660811774132303076e-01
1.705749712709643262e-01
1.744409965866973999e-01
1.776723079440921116e-01
1.802634397159827984e-01
1.822102345609121488e-01
1.835097019094258375e-01
1.841599094038981754e-01
1.841599094038982309e-01
1.835097019094259208e-01
1.822102345609122320e-01
1.802634397159827429e-01
1.776723079440920006e-01
1.744409965866973167e-01
1.705749712709642707e-01
1.660811774132301410e-01
1.609682377878416115e-01
1.552466711633820051e-01
1.489291258338615032e-01
1.420306206291364060e-01
1.345687847314371299e-01
1.265640864326388337e-01
1.180400399429764324e-01
1.090233786297988283e-01
9.954418276099546992e-02
8.963595008898847527e-02
7.933559855913244196e-02
6.868339214710059148e-02
5.772278335319251663e-02
4.650016916219805452e-02
3.506456118247388426e-02
2.346717498416114184e-02
1.176094806215799773e-02
1.090845006952608463e-02
2.176719150073705422e-02
3.252702394833609234e-02
4.313974702987805054e-02
5.355861975540189557e-02
6.373877401598360137e-02
7.363757107775542599e-02
8.321489317019092891e-02
9.243336563124604499e-02
1.012585084188072498e-01
1.096588188914925793e-01
1.176057904273903609e-01
1.250738735734908402e-01
1.320403879502708433e-01
1.384853940795733596e-01
1.443915347079562650e-01
1.497438551405030072e-01
1.545296116763389960e-01
1.587380765454681208e-01
1.623603468802056193e-01
1.653891642945254370e-01
1.678187506562460185e-01
1.696446646680321302e-01
1.708636829545969738e-01
1.714737085007826123e-01
1.714737085007826400e-01
1.708636829545970848e-01
1.696446646680321857e-01
1.678187506562459907e-01
1.653891642945253260e-01
1.623603468802055638e-01
1.587380765454680931e-01
1.545296116763388850e-01
1.497438551405028129e-01
1.443915347079561262e-01
1.384853940795731653e-01
1.320403879502707323e-01
1.250738735734907570e-01
1.176057904273902777e-01
1.096588188914924822e-01
1.012585084188071805e-01
9.243336563124596172e-02
8.321489317019083176e-02
7.363757107775528721e-02
6.373877401598349035e-02
5.355861975540182618e-02
4.313974702987799503e-02
3.252702394833605071e-02
2.176719150073702994e-02
1.090845006952606902e-02
1.010566071520927443e-02
2.016611700092488593e-02
3.013659608025534911e-02
3.997317525357611118e-02
4.963317462255339291e-02
5.907551308367642307e-02
6.826101856571460680e-02
7.715268588277369999e-02
8.571587817499046191e-02
9.391847052269150509e-02
1.017309367767962047e-01
1.091263828119391072e-01
1.160805311848649712e-01
1.225716635188826287e-01
1.285805278262046047e-01
1.340902184483665216e-01
1.390860363898748231e-01
1.435553376061546316e-01
1.474873763543635974e-01
1.508731500941316306e-01
1.537052516975579153e-01
1.559777339464438195e-01
1.576859905003734075e-01
1.588266567401473983e-01
1.593975331438526322e-01
1.593975331438526599e-01
1.588266567401474538e-01
1.576859905003734075e-01
1.559777339464438195e-01
1.537052516975578320e-01
1.508731500941315751e-01
1.474873763543635419e-01
1.435553376061545205e-01
1.390860363898747121e-01
1.340902184483663828e-01
1.285805278262044660e-01
1.225716635188825177e-01
1.160805311848648602e-01
1.091263828119389823e-01
1.017309367767961076e-01
9.391847052269139406e-02
8.571587817499036477e-02
7.715268588277358897e-02
6.826101856571449578e-02
5.907551308367631204e-02
4.963317462255331658e-02
3.997317525357603485e-02
3.013659608025529360e-02
2.016611700092485124e-02
1.010566071520925882e-02
9.348075790386132372e-03
1.865501970749786076e-02
2.788006811818430006e-02
3.698318328161763480e-02
4.592539039755911406e-02
5.466908513045407730e-02
6.317830421865293367e-02
7.141895362019881621e-02
7.935899066325063922e-02
8.696855872017206224e-02
9.422007488106169670e-02
1.010882728587048918e-01
1.075502048351472534e-01
1.135852071141901232e-01
1.191748352579958536e-01
1.243027748694303380e-01
1.289547343644751876e-01
1.331183260040410543e-01
1.367829411717000898e-01
1.399396254443994181e-01
1.425809584551306630e-01
1.447009429315980200e-01
1.462949066468702264e-01
1.473594203617666631e-01
1.478922341906278581e-01
1.478922341906278581e-01
1.473594203617667187e-01
1.462949066468702264e-01
1.447009429315979923e-01
1.425809584551306075e-01
1.399396254443993626e-01
1.367829411717000343e-01
1.331183260040409988e-01
1.289547343644751320e-01
1.243027748694302270e-01
1.191748352579957287e-01
1.135852071141899566e-01
1.075502048351471285e-01
1.010882728587047669e-01
9.422007488106155793e-02
8.696855872017196509e-02
7.935899066325050044e-02
7.141895362019867743e-02
6.317830421865280877e-02
5.466908513045395934e-02
4.592539039755904468e-02
3.698318328161757235e-02
2.788006811818425495e-02
1.865501970749783647e-02
9.348075790386118494e-03
8.631622738837394296e-03
1.722581792049613508e-02
2.574547340336636944e-02
3.415409935715103124e-02
4.241611855561141370e-02
5.049713282192783148e-02
5.836415955824420659e-02
6.598583371611796422e-02
7.333257213764113325e-02
8.037669881368453284e-02
8.709253116857362809e-02
9.345642890667153757e-02
9.944680818282911061e-02
1.050441248447346876e-01
1.102308312221583764e-01
1.149913114068837616e-01
1.193118001945545903e-01
1.231802908738344055e-01
1.265864368839963450e-01
1.295214520566352612e-01
1.319780137469673542e-01
1.339501726779474822e-01
1.354332727937427872e-01
1.364238838694211697e-01
1.369197490662642236e-01
1.369197490662641958e-01
1.364238838694211697e-01
1.354332727937427872e-01
1.339501726779475099e-01
1.319780137469672987e-01
1.295214520566352057e-01
1.265864368839962617e-01
1.231802908738343083e-01
1.193118001945544931e-01
1.149913114068836506e-01
1.102308312221582653e-01
1.050441248447345766e-01
9.944680818282899959e-02
9.345642890667141267e-02
8.709253116857348931e-02
8.037669881368438018e-02
7.333257213764098059e-02
6.598583371611782544e-02
5.836415955824408863e-02
5.049713282192772740e-02
4.241611855561132349e-02
3.415409935715098266e-02
2.574547340336631393e-02
1.722581792049610386e-02
8.631622738837375214e-03
7.952597244467309728e-03
1.587115583228291410e-02
2.372190821763401833e-02
3.147162218800875905e-02
3.908785164580763638e-02
4.653916804340165608e-02
5.379536747627811089e-02
6.082764954838773552e-02
6.760876535751138283e-02
7.411313322835125228e-02
8.031692207287668972e-02
8.619810341657857533e-02
9.173647414476295003e-02
9.691365285976119570e-02
1.017130533790191471e-01
1.061198393413917279e-01
1.101208641330250343e-01
1.137046004127455212e-01
1.168610634338155818e-01
1.195817321511779552e-01
1.218594717981560382e-01
1.236884612394817257e-01
1.250641279807322703e-01
1.259830932559109495e-01
1.264431291387436151e-01
1.264431291387436151e-01
1.259830932559109495e-01
1.250641279807322426e-01
1.236884612394816979e-01
1.218594717981559827e-01
1.195817321511779274e-01
1.168610634338155263e-01
1.137046004127454657e-01
1.101208641330249649e-01
1.061198393413916724e-01
1.017130533790190777e-01
9.691365285976108468e-02
9.173647414476285289e-02
8.619810341657849206e-02
8.031692207287656482e-02
7.411313322835109962e-02
6.760876535751124405e-02
6.082764954838759675e-02
5.379536747627799986e-02
4.653916804340156588e-02
3.908785164580756699e-02
3.147162218800871047e-02
2.372190821763396282e-02
1.587115583228287941e-02
7.952597244467288912e-03
7.307610406748925314e-03
1.458429994653419846e-02
2.179938144687801338e-02
2.892262953144235024e-02
3.592449779620873751e-02
4.277632022959303865e-02
4.945049275507883146e-02
5.592063164364344946e-02
6.216170651566542416e-02
6.815014666933236209e-02
7.386392047800327543e-02
7.928258854200320727e-02
8.438733211988289074e-02
8.916095907052802583e-02
9.358789009276533011e-02
9.765412844663901026e-02
1.013472165834082561e-01
1.046561832103071188e-01
1.075714842873425198e-01
1.100849413161049811e-01
1.121896800549970208e-01
1.138800725010911119e-01
1.151516846337936051e-01
1.160012320347467429e-01
1.164265450940557139e-01
1.164265450940557001e-01
1.160012320347466874e-01
1.151516846337935635e-01
1.138800725010910564e-01
1.121896800549969375e-01
1.100849413161049117e-01
1.075714842873424504e-01
1.046561832103070772e-01
1.013472165834082284e-01
9.765412844663896863e-02
9.358789009276527460e-02
8.916095907052794256e-02
8.438733211988280747e-02
7.928258854200309624e-02
7.386392047800316440e-02
6.815014666933225107e-02
6.216170651566535477e-02
5.592063164364335925e-02
4.945049275507874820e-02
4.277632022959296232e-02
3.592449779620868894e-02
2.892262953144230514e-02
2.179938144687796828e-02
1.458429994653416897e-02
7.307610406748906232e-03
6.693544435994185256e-03
1.335905210022694280e-02
1.996868809190146740e-02
2.649501669467389797e-02
3.291118977799192130e-02
3.919112232368292259e-02
4.530965167080074074e-02
5.124267775544179282e-02
5.696728239217452305e-02
6.246182645530946875e-02
6.770602462780077324e-02
7.268099815354803206e-02
7.736930672223742145e-02
8.175496120970270064e-02
8.582341947487512335e-02
8.956156776899074079e-02
9.295769054366193052e-02
9.600143155773217807e-02
9.868374918914239735e-02
1.009968687709024149e-01
1.029342346046359380e-01
1.044904640760920267e-01
1.056613060186043507e-01
1.064436051552266477e-01
1.068352741086768531e-01
1.068352741086768254e-01
1.064436051552266199e-01
1.056613060186042813e-01
1.044904640760919851e-01
1.029342346046358825e-01
1.009968687709023594e-01
9.868374918914235572e-02
9.600143155773213643e-02
9.295769054366190276e-02
8.956156776899071303e-02
8.582341947487508171e-02
8.175496120970263125e-02
7.736930672223732430e-02
7.268099815354794879e-02
6.770602462780073161e-02
6.246182645530938549e-02
5.696728239217446754e-02
5.124267775544172343e-02
4.530965167080067135e-02
3.919112232368285320e-02
3.291118977799187967e-02
2.649501669467385981e-02
1.996868809190143965e-02
1.335905210022691678e-02
6.693544435994172245e-03
6.107515237000875515e-03
1.218967592647791573e-02
1.822130212582702413e-02
2.417755937735984947e-02
3.003412229740213060e-02
3.576732761634598273e-02
4.135431384899941609e-02
4.677314531514846496e-02
5.200291884228144812e-02
5.702385213193017499e-02
6.181735342434239305e-02
6.636607272215075404e-02
7.065393540581604848e-02
7.466615957117023195e-02
7.838925882804174960e-02
8.181103261078692679e-02
8.492054626451656096e-02
8.770810328781730725e-02
9.016521214059255995e-02
9.228454997372635693e-02
9.405992551655223410e-02
9.548624318003674782e-02
9.655947020930506774e-02
9.727660845887872720e-02
9.763567207674817006e-02
9.763567207674811455e-02
9.727660845887868557e-02
9.655947020930502611e-02
9.548624318003670619e-02
9.405992551655220635e-02
9.228454997372630142e-02
9.016521214059250444e-02
8.770810328781727949e-02
8.492054626451654709e-02
8.181103261078694067e-02
7.838925882804170797e-02
7.466615957117017643e-02
7.065393540581597909e-02
6.636607272215069853e-02
6.181735342434237224e-02
5.702385213193014724e-02
5.200291884228141343e-02
4.677314531514841639e-02
4.135431384899937446e-02
3.576732761634594804e-02
3.003412229740210632e-02
2.417755937735981825e-02
1.822130212582700332e-02
1.218967592647789838e-02
6.107515237000864239e-03
5.546840585531398471e-03
1.107083424285682308e-02
1.654928510756887433e-02
2.195979639153633478e-02
2.728041241791078625e-02
3.248975199529947205e-02
3.756713079370248287e-02
4.249267081387120282e-02
4.724739552987265723e-02
5.181330980578741086e-02
5.617346421548789076e-02
6.031200390489652174e-02
6.421420260770580035e-02
6.786648284112041518e-02
7.125642365533475797e-02
7.437275758159862804e-02
7.720535861580006542e-02
7.974522318842793001e-02
8.198444611168409502e-02
8.391619346685821879e-02
8.553467430780989367e-02
8.683511291819766276e-02
8.781372317970045915e-02
8.846768639423505109e-02
8.879513366268894370e-02
8.879513366268892982e-02
8.846768639423499558e-02
8.781372317970043140e-02
8.683511291819763500e-02
8.553467430780986591e-02
8.391619346685814940e-02
8.198444611168406726e-02
7.974522318842793001e-02
7.720535861580005155e-02
7.437275758159862804e-02
7.125642365533477185e-02
6.786648284112038743e-02
6.421420260770575872e-02
6.031200390489648705e-02
5.617346421548786994e-02
5.181330980578738310e-02
4.724739552987261559e-02
4.249267081387116118e-02
3.756713079370244124e-02
3.248975199529945124e-02
2.728041241791077237e-02
2.195979639153631049e-02
1.654928510756885698e-02
1.107083424285680920e-02
5.546840585531390665e-03
5.009012862267894425e-03
9.997535351849107244e-03
1.494520767005532227e-02
1.983192866330581519e-02
2.463797898740523878e-02
2.934413715323864677e-02
3.393178651663983358e-02
3.838301161676119233e-02
4.268068265755058099e-02
4.680852734585891350e-02
5.075118972692528596e-02
5.449427607424166264e-02
5.802438827899021601e-02
6.132914553027085658e-02
6.439719537057825294e-02
6.721821544447276198e-02
6.978290742865717045e-02
7.208298473841026621e-02
7.411115565085768520e-02
7.586110347421248790e-02
7.732746532963148678e-02
7.850581100524359202e-02
7.939262319706412441e-02
7.998528027567200493e-02
8.028204251708363770e-02
8.028204251708362382e-02
7.998528027567193555e-02
7.939262319706406890e-02
7.850581100524355038e-02
7.732746532963144515e-02
7.586110347421243238e-02
7.411115565085768520e-02
7.208298473841023846e-02
6.978290742865711493e-02
6.721821544447273422e-02
6.439719537057823906e-02
6.132914553027082882e-02
5.802438827899018825e-02
5.449427607424162795e-02
5.075118972692525127e-02
4.680852734585887881e-02
4.268068265755053936e-02
3.838301161676114376e-02
3.393178651663980583e-02
2.934413715323862942e-02
2.463797898740522491e-02
1.983192866330580131e-02
1.494520767005530840e-02
9.997535351849095100e-03
5.009012862267888354e-03
4.491675511691071987e-03
8.965086632216387463e-03
1.340208155749749233e-02
1.778473160422635452e-02
2.209543771516570693e-02
2.631703111361005654e-02
3.043286650285705053e-02
3.442690647898315193e-02
3.828379613770951234e-02
4.198892719317239008e-02
4.552849127211267000e-02
4.888952238615462687e-02
5.205992890374254445e-02
5.502851563039451444e-02
5.778499685223457971e-02
6.032000139705702424e-02
6.262507091594546327e-02
6.469265268569826532e-02
6.651608827912391941e-02
6.808959944950254695e-02
6.940827253125998741e-02
7.046804257608108024e-02
7.126567832764046928e-02
7.179876899430510939e-02
7.206571361288996447e-02
7.206571361288996447e-02
7.179876899430506776e-02
7.126567832764041377e-02
7.046804257608102473e-02
6.940827253125993190e-02
6.808959944950250531e-02
6.651608827912389166e-02
6.469265268569823757e-02
6.262507091594542163e-02
6.032000139705701036e-02
5.778499685223460053e-02
5.502851563039452137e-02
5.205992890374253057e-02
4.888952238615458523e-02
4.552849127211262836e-02
4.198892719317232763e-02
3.828379613770948459e-02
3.442690647898312417e-02
3.043286650285702971e-02
2.631703111361004266e-02
2.209543771516569999e-02
1.778473160422634758e-02
1.340208155749748192e-02
8.965086632216380524e-03
4.491675511691068517e-03
3.992602552280007794e-03
7.969054107827881761e-03
1.191330032349190160e-02
1.580947848093642444e-02
1.964200915542117093e-02
2.339568308317881845e-02
2.705574190219516353e-02
3.060795165860486639e-02
3.403866822113194718e-02
3.733489401700841592e-02
4.048432578219839095e-02
4.347539329452158874e-02
4.629728931943083436e-02
4.893999123533010476e-02
5.139427501090856887e-02
5.365172237557531976e-02
5.570472215236940000e-02
5.754646680931341934e-02
5.917094533043718019e-02
6.057293351341377918e-02
6.174798276982486345e-02
6.269240844018031389e-02
6.340327854311152145e-02
6.387840376101804052e-02
6.411632932728114631e-02
6.411632932728114631e-02
6.387840376101802664e-02
6.340327854311147981e-02
6.269240844018025838e-02
6.174798276982480794e-02
6.057293351341370979e-02
5.917094533043711774e-02
5.754646680931337077e-02
5.570472215236937225e-02
5.365172237557531976e-02
5.139427501090858275e-02
4.893999123533010476e-02
4.629728931943082743e-02
4.347539329452157486e-02
4.048432578219837014e-02
3.733489401700838817e-02
3.403866822113191942e-02
3.060795165860484904e-02
2.705574190219515313e-02
2.339568308317881151e-02
1.964200915542117093e-02
1.580947848093642097e-02
1.191330032349189813e-02
7.969054107827878292e-03
3.992602552280006059e-03
3.509680589601079162e-03
7.005226923323225850e-03
1.047258714770580613e-02
1.389787284060626030e-02
1.726743734240374778e-02
2.056795016148888627e-02
2.378646636413993959e-02
2.691049003210920984e-02
2.992803107120498018e-02
3.282765487153094935e-02
3.559852454515086834e-02
3.823043569030251665e-02
4.071384384412908564e-02
4.303988498058651524e-02
4.520038958049429900e-02
4.718789094196632061e-02
4.899562850864339070e-02
5.061754706874881105e-02
5.204829271989760975e-02
5.328320650389045676e-02
5.431831659444536636e-02
5.515032987170379042e-02
5.577662364360727598e-02
5.619523817937441962e-02
5.640487060793542007e-02
5.640487060793542701e-02
5.619523817937439880e-02
5.577662364360724823e-02
5.515032987170373491e-02
5.431831659444530391e-02
5.328320650389040819e-02
5.204829271989756811e-02
5.061754706874878329e-02
4.899562850864337682e-02
4.718789094196630673e-02
4.520038958049429900e-02
4.303988498058653606e-02
4.071384384412909258e-02
3.823043569030250971e-02
3.559852454515086140e-02
3.282765487153093548e-02
2.992803107120495937e-02
2.691049003210919249e-02
2.378646636413992918e-02
2.056795016148887933e-02
1.726743734240374084e-02
1.389787284060626030e-02
1.047258714770580787e-02
7.005226923323226718e-03
3.509680589601080029e-03
3.040892882801082137e-03
6.069585848158137210e-03
9.073948503401835924e-03
1.204198839137906804e-02
1.496191721209866841e-02
1.782221385623303928e-02
2.061168336076649524e-02
2.331951103448705320e-02
2.593531116004782824e-02
2.844916985275954685e-02
3.085168183657160945e-02
3.313398107740855858e-02
3.528776538619651792e-02
3.730531526239260626e-02
3.917950738851577741e-02
4.090382330315225218e-02
4.247235387148906582e-02
4.387980023714083827e-02
4.512147197651401875e-02
4.619328318780509951e-02
4.709174723236234789e-02
4.781397080858218462e-02
4.835764798023937244e-02
4.872105470493694884e-02
4.890304431715072897e-02
4.890304431715072203e-02
4.872105470493693496e-02
4.835764798023935163e-02
4.781397080858214299e-02
4.709174723236229237e-02
4.619328318780505788e-02
4.512147197651398406e-02
4.387980023714081745e-02
4.247235387148905195e-02
4.090382330315223136e-02
3.917950738851576353e-02
3.730531526239259932e-02
3.528776538619651792e-02
3.313398107740854470e-02
3.085168183657159904e-02
2.844916985275953297e-02
2.593531116004781090e-02
2.331951103448703932e-02
2.061168336076648483e-02
1.782221385623303234e-02
1.496191721209866321e-02
1.204198839137906804e-02
9.073948503401837659e-03
6.069585848158141547e-03
3.040892882801083438e-03
2.584305093445112174e-03
5.158275083106409267e-03
7.711632626364334914e-03
1.023421500940951620e-02
1.271602925837881162e-02
1.514730469057811238e-02
1.751854218820593501e-02
1.982055958502467949e-02
2.204453268173972580e-02
2.418203154288780035e-02
2.622505187096747098e-02
2.816604139656358335e-02
2.999792136085585592e-02
3.171410329427162139e-02
3.330850140802393833e-02
3.477554101063784486e-02
3.611016343701977521e-02
3.730782803181144358e-02
3.836451176121252749e-02
3.927670703845358158e-02
4.004141833861672023e-02
4.065615815002322775e-02
4.111894276383111502e-02
4.142828834298329516e-02
4.158320763857981106e-02
4.158320763857981106e-02
4.142828834298328822e-02
4.111894276383110114e-02
4.065615815002318612e-02
4.004141833861668553e-02
3.927670703845356076e-02
3.836451176121251361e-02
3.730782803181144358e-02
3.611016343701976827e-02
3.477554101063783099e-02
3.330850140802391751e-02
3.171410329427160751e-02
2.999792136085584551e-02
2.816604139656357295e-02
2.622505187096746404e-02
2.418203154288778647e-02
2.204453268173971886e-02
1.982055958502467602e-02
1.751854218820592807e-02
1.514730469057810718e-02
1.271602925837880642e-02
1.023421500940951620e-02
7.711632626364336648e-03
5.158275083106411002e-03
2.584305093445113041e-03
2.138052407872957292e-03
4.267576764458054506e-03
6.380091909539574793e-03
8.467209761515853694e-03
1.052068012142894603e-02
1.253243345949466708e-02
1.449462111645444945e-02
1.639965243566601782e-02
1.824022843899859858e-02
2.000937176608445084e-02
2.170045270784689423e-02
2.330721127702244447e-02
2.482377536639168714e-02
2.624467514581408853e-02
2.756485393867048883e-02
2.877967589435544149e-02
2.988493083414072923e-02
3.087683669187266458e-02
3.175203999807104521e-02
3.250761486618001378e-02
3.314106093362774452e-02
3.365030068906286337e-02
3.403367658207857860e-02
3.428994826458530570e-02
3.441829025560542293e-02
3.441829025560541599e-02
3.428994826458531264e-02
3.403367658207856472e-02
3.365030068906282867e-02
3.314106093362772371e-02
3.250761486618000684e-02
3.175203999807103133e-02
3.087683669187267152e-02
2.988493083414072576e-02
2.877967589435543455e-02
2.756485393867048189e-02
2.624467514581409200e-02
2.482377536639169061e-02
2.330721127702244100e-02
2.170045270784689423e-02
2.000937176608445084e-02
1.824022843899859511e-02
1.639965243566601089e-02
1.449462111645444251e-02
1.253243345949466361e-02
1.052068012142894082e-02
8.467209761515850225e-03
6.380091909539573058e-03
4.267576764458054506e-03
2.138052407872957725e-03
1.700327773588662271e-03
3.393887657313278405e-03
5.073948485820055192e-03
6.733852005685376022e-03
8.367048006326451709e-03
9.967127909517167414e-03
1.152785638245118482e-02
1.304320060218633337e-02
1.450735687250419292e-02
1.591477437460452060e-02
1.726017591731321757e-02
1.853857563728762703e-02
1.974529368187437350e-02
2.087596798392257758e-02
2.192656330648848004e-02
2.289337779397270303e-02
2.377304731331503912e-02
2.456254790346747499e-02
2.525919667301895419e-02
2.586065149456769421e-02
2.636490984065137724e-02
2.677030709052189567e-02
2.707551461083500949e-02
2.727953787767395041e-02
2.738171486365114510e-02
2.738171486365115551e-02
2.727953787767396082e-02
2.707551461083500255e-02
2.677030709052187485e-02
2.636490984065136683e-02
2.586065149456769074e-02
2.525919667301895072e-02
2.456254790346747499e-02
2.377304731331504606e-02
2.289337779397270303e-02
2.192656330648848698e-02
2.087596798392258104e-02
1.974529368187437350e-02
1.853857563728762356e-02
1.726017591731321757e-02
1.591477437460452060e-02
1.450735687250419292e-02
1.304320060218632990e-02
1.152785638245117789e-02
9.967127909517162210e-03
8.367048006326449974e-03
6.733852005685374287e-03
5.073948485820054324e-03
3.393887657313277538e-03
1.700327773588661837e-03
1.269371029168412735e-03
2.533697605386340569e-03
3.787962370741990679e-03
5.027201769079146093e-03
6.246531988674318241e-03
7.441173789796362570e-03
8.606475901646790799e-03
9.737936718123941376e-03
1.083122407422732435e-02
1.188219294251622107e-02
1.288690094951383536e-02
1.384162167294048298e-02
1.474285573989559880e-02
1.558733980151338211e-02
1.637205350938815765e-02
1.709422466173184108e-02
1.775133272167925963e-02
1.834111093566323861e-02
1.886154729596960233e-02
1.931088459842043858e-02
1.968761984388818498e-02
1.999050322153831868e-02
2.021853689306562368e-02
2.037097377162436565e-02
2.044731645767405848e-02
2.044731645767405848e-02
2.037097377162436912e-02
2.021853689306562368e-02
1.999050322153830828e-02
1.968761984388818151e-02
1.931088459842043858e-02
1.886154729596960580e-02
1.834111093566324208e-02
1.775133272167927351e-02
1.709422466173185495e-02
1.637205350938816806e-02
1.558733980151338905e-02
1.474285573989559880e-02
1.384162167294047605e-02
1.288690094951383362e-02
1.188219294251621934e-02
1.083122407422732435e-02
9.737936718123937907e-03
8.606475901646787330e-03
7.441173789796361702e-03
6.246531988674316506e-03
5.027201769079144358e-03
3.787962370741989812e-03
2.533697605386340135e-03
1.269371029168412084e-03
8.434587376986470153e-04
1.683569364321682842e-03
2.517001622682421731e-03
3.340460711214898130e-03
4.150704389495310856e-03
4.944559359347179897e-03
5.718936716215677896e-03
6.470846294435311785e-03
7.197409763764949821e-03
7.895872371719203989e-03
8.563613265285416332e-03
9.198154365064860338e-03
9.797167803254156621e-03
1.035848197284719788e-02
1.088008626781893085e-02
1.136013462188724572e-02
1.179694797600694747e-02
1.218901582153661400e-02
1.253499697677578489e-02
1.283371975925628496e-02
1.308418171494259846e-02
1.328554905867756347e-02
1.343715596826480785e-02
1.353850385808383870e-02
1.358926073774664733e-02
1.358926073774664386e-02
1.353850385808383176e-02
1.343715596826480785e-02
1.328554905867756174e-02
1.308418171494259499e-02
1.283371975925628843e-02
1.253499697677578836e-02
1.218901582153661747e-02
1.179694797600695441e-02
1.136013462188725093e-02
1.088008626781893778e-02
1.035848197284720308e-02
9.797167803254158355e-03
9.198154365064862073e-03
8.563613265285414597e-03
7.895872371719205723e-03
7.197409763764950688e-03
6.470846294435309183e-03
5.718936716215674426e-03
4.944559359347175560e-03
4.150704389495309121e-03
3.340460711214896829e-03
2.517001622682420430e-03
1.683569364321681975e-03
8.434587376986465816e-04
4.208945573044923756e-04
8.401194915193225957e-04
1.256014044451115056e-03
1.666935063602715357e-03
2.071265498744847590e-03
2.467422541881363930e-03
2.853865309433429101e-03
3.229101979636676747e-03
3.591696314677965234e-03
3.940273515310233066e-03
4.273525374843762173e-03
4.590214718779396692e-03
4.889179135208969462e-03
5.169334018802324536e-03
5.429674967153129070e-03
5.669279581991261766e-03
5.887308738924673136e-03
6.083007397700483307e-03
6.255705030340647822e-03
6.404815746886323956e-03
6.529838197948364779e-03
6.630355329964536699e-03
6.706034063232217679e-03
6.756624954699527903e-03
6.781961897482057834e-03
6.781961897482056967e-03
6.756624954699526169e-03
6.706034063232217679e-03
6.630355329964535832e-03
6.529838197948363912e-03
6.404815746886326558e-03
6.255705030340648690e-03
6.083007397700485042e-03
5.887308738924675738e-03
5.669279581991263500e-03
5.429674967153130805e-03
5.169334018802323669e-03
4.889179135208969462e-03
4.590214718779398427e-03
4.273525374843761306e-03
3.940273515310232198e-03
3.591696314677964800e-03
3.229101979636675446e-03
2.853865309433427800e-03
2.467422541881362629e-03
2.071265498744846723e-03
1.666935063602714272e-03
1.256014044451114189e-03
8.401194915193221620e-04
4.208945573044921588e-04
