4.208945573044966582e-04
8.401194915193310525e-04
1.256014044451127850e-03
1.666935063602732270e-03
2.071265498744869274e-03
2.467422541881390385e-03
2.853865309433460760e-03
3.229101979636711441e-03
3.591696314678003397e-03
3.940273515310275566e-03
4.273525374843809010e-03
4.590214718779452203e-03
4.889179135209024973e-03
5.169334018802384384e-03
5.429674967153195857e-03
5.669279581991332022e-03
5.887308738924747729e-03
6.083007397700562237e-03
6.255705030340732824e-03
6.404815746886412427e-03
6.529838197948456720e-03
6.630355329964632977e-03
6.706034063232318293e-03
6.756624954699627650e-03
6.781961897482160183e-03
6.781961897482161050e-03
6.756624954699633721e-03
6.706034063232322630e-03
6.630355329964644252e-03
6.529838197948474067e-03
6.404815746886431509e-03
6.255705030340751906e-03
6.083007397700583921e-03
5.887308738924768546e-03
5.669279581991354573e-03
5.429674967153214939e-03
5.169334018802405201e-03
4.889179135209048392e-03
4.590214718779473020e-03
4.273525374843831562e-03
3.940273515310298118e-03
3.591696314678023780e-03
3.229101979636728788e-03
2.853865309433475071e-03
2.467422541881402961e-03
2.071265498744879249e-03
1.666935063602741161e-03
1.256014044451134789e-03
8.401194915193362566e-04
4.208945573044992061e-04
8.434587376986559058e-04
1.683569364321700840e-03
2.517001622682447318e-03
3.340460711214933692e-03
4.150704389495354224e-03
4.944559359347231071e-03
5.718936716215737744e-03
6.470846294435379439e-03
7.197409763765028751e-03
7.895872371719290725e-03
8.563613265285510007e-03
9.198154365064971361e-03
9.797167803254271112e-03
1.035848197284732104e-02
1.088008626781906268e-02
1.136013462188738624e-02
1.179694797600709666e-02
1.218901582153677013e-02
1.253499697677595490e-02
1.283371975925646016e-02
1.308418171494277714e-02
1.328554905867774909e-02
1.343715596826500561e-02
1.353850385808403646e-02
1.358926073774685030e-02
1.358926073774685724e-02
1.353850385808404687e-02
1.343715596826501775e-02
1.328554905867777511e-02
1.308418171494281183e-02
1.283371975925649659e-02
1.253499697677599306e-02
1.218901582153681523e-02
1.179694797600714176e-02
1.136013462188742787e-02
1.088008626781910258e-02
1.035848197284736094e-02
9.797167803254312746e-03
9.198154365065009525e-03
8.563613265285553375e-03
7.895872371719334093e-03
7.197409763765067782e-03
6.470846294435415001e-03
5.718936716215768101e-03
4.944559359347257092e-03
4.150704389495375908e-03
3.340460711214951472e-03
2.517001622682462931e-03
1.683569364321710815e-03
8.434587376986606762e-04
1.269371029168426179e-03
2.533697605386367024e-03
3.787962370742028843e-03
5.027201769079200737e-03
6.246531988674380691e-03
7.441173789796439765e-03
8.606475901646882740e-03
9.737936718124045460e-03
1.083122407422744231e-02
1.188219294251635118e-02
1.288690094951397934e-02
1.384162167294063911e-02
1.474285573989577054e-02
1.558733980151356252e-02
1.637205350938834847e-02
1.709422466173203883e-02
1.775133272167949555e-02
1.834111093566347106e-02
1.886154729596985213e-02
1.931088459842070573e-02
1.968761984388844866e-02
1.999050322153858930e-02
2.021853689306591165e-02
2.037097377162465708e-02
2.044731645767434297e-02
2.044731645767436379e-02
2.037097377162468137e-02
2.021853689306593246e-02
1.999050322153862400e-02
1.968761984388849029e-02
1.931088459842075084e-02
1.886154729596990764e-02
1.834111093566353698e-02
1.775133272167955453e-02
1.709422466173211516e-02
1.637205350938841786e-02
1.558733980151363191e-02
1.474285573989582779e-02
1.384162167294069982e-02
1.288690094951404005e-02
1.188219294251641363e-02
1.083122407422750129e-02
9.737936718124095767e-03
8.606475901646927842e-03
7.441173789796484001e-03
6.246531988674418855e-03
5.027201769079226758e-03
3.787962370742052696e-03
2.533697605386382636e-03
1.269371029168432901e-03
1.700327773588679835e-03
3.393887657313314401e-03
5.073948485820106366e-03
6.733852005685447145e-03
8.367048006326538445e-03
9.967127909517273232e-03
1.152785638245130626e-02
1.304320060218647041e-02
1.450735687250434731e-02
1.591477437460468713e-02
1.726017591731341186e-02
1.853857563728783520e-02
1.974529368187459208e-02
2.087596798392282044e-02
2.192656330648872637e-02
2.289337779397297018e-02
2.377304731331533055e-02
2.456254790346779071e-02
2.525919667301928032e-02
2.586065149456803422e-02
2.636490984065172766e-02
2.677030709052224608e-02
2.707551461083539113e-02
2.727953787767433205e-02
2.738171486365154061e-02
2.738171486365154408e-02
2.727953787767436675e-02
2.707551461083542235e-02
2.677030709052231547e-02
2.636490984065179358e-02
2.586065149456811402e-02
2.525919667301935317e-02
2.456254790346786357e-02
2.377304731331541382e-02
2.289337779397306039e-02
2.192656330648882004e-02
2.087596798392290023e-02
1.974529368187467188e-02
1.853857563728791152e-02
1.726017591731348819e-02
1.591477437460477040e-02
1.450735687250442364e-02
1.304320060218653980e-02
1.152785638245136697e-02
9.967127909517325274e-03
8.367048006326585283e-03
6.733852005685485309e-03
5.073948485820137591e-03
3.393887657313333483e-03
1.700327773588689593e-03
2.138052407872980711e-03
4.267576764458101343e-03
6.380091909539641580e-03
8.467209761515940430e-03
1.052068012142905531e-02
1.253243345949479719e-02
1.449462111645459864e-02
1.639965243566618089e-02
1.824022843899877899e-02
2.000937176608465554e-02
2.170045270784713709e-02
2.330721127702271162e-02
2.482377536639197163e-02
2.624467514581438690e-02
2.756485393867079414e-02
2.877967589435577456e-02
2.988493083414108312e-02
3.087683669187305316e-02
3.175203999807143379e-02
3.250761486618042317e-02
3.314106093362816086e-02
3.365030068906328664e-02
3.403367658207902963e-02
3.428994826458578449e-02
3.441829025560592253e-02
3.441829025560592253e-02
3.428994826458581918e-02
3.403367658207909208e-02
3.365030068906337685e-02
3.314106093362825800e-02
3.250761486618052726e-02
3.175203999807153787e-02
3.087683669187313990e-02
2.988493083414118373e-02
2.877967589435588558e-02
2.756485393867090863e-02
2.624467514581449445e-02
2.482377536639207224e-02
2.330721127702280529e-02
2.170045270784722730e-02
2.000937176608475615e-02
1.824022843899887961e-02
1.639965243566627803e-02
1.449462111645467843e-02
1.253243345949486484e-02
1.052068012142911776e-02
8.467209761515990737e-03
6.380091909539678877e-03
4.267576764458124762e-03
2.138052407872992420e-03
2.584305093445140363e-03
5.158275083106462176e-03
7.711632626364413844e-03
1.023421500940962375e-02
1.271602925837894173e-02
1.514730469057826504e-02
1.751854218820610848e-02
1.982055958502487378e-02
2.204453268173994090e-02
2.418203154288803974e-02
2.622505187096774507e-02
2.816604139656389560e-02
2.999792136085618899e-02
3.171410329427197528e-02
3.330850140802429915e-02
3.477554101063824038e-02
3.611016343702018461e-02
3.730782803181188073e-02
3.836451176121297157e-02
3.927670703845404648e-02
4.004141833861721983e-02
4.065615815002373429e-02
4.111894276383166319e-02
4.142828834298385721e-02
4.158320763858040087e-02
4.158320763858039393e-02
4.142828834298387108e-02
4.111894276383171870e-02
4.065615815002383143e-02
4.004141833861733085e-02
3.927670703845418526e-02
3.836451176121309647e-02
3.730782803181199869e-02
3.611016343702030951e-02
3.477554101063836528e-02
3.330850140802443099e-02
3.171410329427210018e-02
2.999792136085631042e-02
2.816604139656400663e-02
2.622505187096785956e-02
2.418203154288816117e-02
2.204453268174006234e-02
1.982055958502499174e-02
1.751854218820620909e-02
1.514730469057835351e-02
1.271602925837901805e-02
1.023421500940968447e-02
7.711632626364458946e-03
5.158275083106492534e-03
2.584305093445153807e-03
3.040892882801114663e-03
6.069585848158198793e-03
9.073948503401926130e-03
1.204198839137919294e-02
1.496191721209881760e-02
1.782221385623321969e-02
2.061168336076669300e-02
2.331951103448729259e-02
2.593531116004808498e-02
2.844916985275983828e-02
3.085168183657193558e-02
3.313398107740891246e-02
3.528776538619692038e-02
3.730531526239300871e-02
3.917950738851619374e-02
4.090382330315270321e-02
4.247235387148950991e-02
4.387980023714131705e-02
4.512147197651453223e-02
4.619328318780563380e-02
4.709174723236289606e-02
4.781397080858276749e-02
4.835764798023999694e-02
4.872105470493760110e-02
4.890304431715139510e-02
4.890304431715141592e-02
4.872105470493764273e-02
4.835764798024008021e-02
4.781397080858287851e-02
4.709174723236304178e-02
4.619328318780577952e-02
4.512147197651468489e-02
4.387980023714148359e-02
4.247235387148969032e-02
4.090382330315285586e-02
3.917950738851635334e-02
3.730531526239317525e-02
3.528776538619707304e-02
3.313398107740906512e-02
3.085168183657207783e-02
2.844916985275999094e-02
2.593531116004822376e-02
2.331951103448741749e-02
2.061168336076681790e-02
1.782221385623332724e-02
1.496191721209891128e-02
1.204198839137926580e-02
9.073948503401985111e-03
6.069585848158236957e-03
3.040892882801131576e-03
3.509680589601116892e-03
7.005226923323297841e-03
1.047258714770590675e-02
1.389787284060640428e-02
1.726743734240392472e-02
2.056795016148909097e-02
2.378646636414017204e-02
2.691049003210948740e-02
2.992803107120528203e-02
3.282765487153128936e-02
3.559852454515124304e-02
3.823043569030294686e-02
4.071384384412954360e-02
4.303988498058699402e-02
4.520038958049477779e-02
4.718789094196681327e-02
4.899562850864392499e-02
5.061754706874935922e-02
5.204829271989819955e-02
5.328320650389106738e-02
5.431831659444599780e-02
5.515032987170444961e-02
5.577662364360797681e-02
5.619523817937516902e-02
5.640487060793619722e-02
5.640487060793619722e-02
5.619523817937518984e-02
5.577662364360807395e-02
5.515032987170457451e-02
5.431831659444613658e-02
5.328320650389124780e-02
5.204829271989837303e-02
5.061754706874956045e-02
4.899562850864411928e-02
4.718789094196702838e-02
4.520038958049497901e-02
4.303988498058717443e-02
4.071384384412971708e-02
3.823043569030310646e-02
3.559852454515141651e-02
3.282765487153146283e-02
2.992803107120544856e-02
2.691049003210963658e-02
2.378646636414032817e-02
2.056795016148922975e-02
1.726743734240403227e-02
1.389787284060648928e-02
1.047258714770597614e-02
7.005226923323339475e-03
3.509680589601136408e-03
3.992602552280050295e-03
7.969054107827961558e-03
1.191330032349201783e-02
1.580947848093658750e-02
1.964200915542137216e-02
2.339568308317905437e-02
2.705574190219543415e-02
3.060795165860517517e-02
3.403866822113230106e-02
3.733489401700879756e-02
4.048432578219877953e-02
4.347539329452203283e-02
4.629728931943132009e-02
4.893999123533061130e-02
5.139427501090909622e-02
5.365172237557587487e-02
5.570472215236998287e-02
5.754646680931402303e-02
5.917094533043782550e-02
6.057293351341445226e-02
6.174798276982556428e-02
6.269240844018103553e-02
6.340327854311231248e-02
6.387840376101885931e-02
6.411632932728196510e-02
6.411632932728197898e-02
6.387840376101892870e-02
6.340327854311239575e-02
6.269240844018120207e-02
6.174798276982574469e-02
6.057293351341463267e-02
5.917094533043804755e-02
5.754646680931425895e-02
5.570472215237023267e-02
5.365172237557613855e-02
5.139427501090935990e-02
4.893999123533084722e-02
4.629728931943152132e-02
4.347539329452224099e-02
4.048432578219898770e-02
3.733489401700898491e-02
3.403866822113246760e-02
3.060795165860534864e-02
2.705574190219561109e-02
2.339568308317921050e-02
1.964200915542150053e-02
1.580947848093668118e-02
1.191330032349209415e-02
7.969054107828008396e-03
3.992602552280071979e-03
4.491675511691121427e-03
8.965086632216482873e-03
1.340208155749763284e-02
1.778473160422654187e-02
2.209543771516593244e-02
2.631703111361032368e-02
3.043286650285735584e-02
3.442690647898349887e-02
3.828379613770988704e-02
4.198892719317278560e-02
4.552849127211311409e-02
4.888952238615511259e-02
5.205992890374306487e-02
5.502851563039506261e-02
5.778499685223516952e-02
6.032000139705763486e-02
6.262507091594608777e-02
6.469265268569891758e-02
6.651608827912464106e-02
6.808959944950331022e-02
6.940827253126079233e-02
7.046804257608192679e-02
7.126567832764131583e-02
7.179876899430598369e-02
7.206571361289088040e-02
7.206571361289086652e-02
7.179876899430603920e-02
7.126567832764141297e-02
7.046804257608207944e-02
6.940827253126095886e-02
6.808959944950351839e-02
6.651608827912489086e-02
6.469265268569920901e-02
6.262507091594637920e-02
6.032000139705793323e-02
5.778499685223543320e-02
5.502851563039533322e-02
5.205992890374332160e-02
4.888952238615535545e-02
4.552849127211335001e-02
4.198892719317300765e-02
3.828379613771008827e-02
3.442690647898369316e-02
3.043286650285755360e-02
2.631703111361049369e-02
2.209543771516607469e-02
1.778473160422665289e-02
1.340208155749770917e-02
8.965086632216533180e-03
4.491675511691144845e-03
5.009012862267947334e-03
9.997535351849216531e-03
1.494520767005548013e-02
1.983192866330601295e-02
2.463797898740549899e-02
2.934413715323894514e-02
3.393178651664016665e-02
3.838301161676156703e-02
4.268068265755096957e-02
4.680852734585935065e-02
5.075118972692580638e-02
5.449427607424223163e-02
5.802438827899079887e-02
6.132914553027147414e-02
6.439719537057889132e-02
6.721821544447342811e-02
6.978290742865783658e-02
7.208298473841098786e-02
7.411115565085846235e-02
7.586110347421329281e-02
7.732746532963231945e-02
7.850581100524448019e-02
7.939262319706505422e-02
7.998528027567292087e-02
8.028204251708462302e-02
8.028204251708463690e-02
7.998528027567303189e-02
7.939262319706517912e-02
7.850581100524467448e-02
7.732746532963258312e-02
7.586110347421357036e-02
7.411115565085878154e-02
7.208298473841130705e-02
6.978290742865815577e-02
6.721821544447373342e-02
6.439719537057916887e-02
6.132914553027173782e-02
5.802438827899104867e-02
5.449427607424245368e-02
5.075118972692602842e-02
4.680852734585960045e-02
4.268068265755121937e-02
3.838301161676178908e-02
3.393178651664037482e-02
2.934413715323911861e-02
2.463797898740563083e-02
1.983192866330612397e-02
1.494520767005555299e-02
9.997535351849261634e-03
5.009012862267973355e-03
5.546840585531456584e-03
1.107083424285693930e-02
1.654928510756905127e-02
2.195979639153656029e-02
2.728041241791107074e-02
3.248975199529979818e-02
3.756713079370283676e-02
4.249267081387159833e-02
4.724739552987310826e-02
5.181330980578791046e-02
5.617346421548845975e-02
6.031200390489714624e-02
6.421420260770648036e-02
6.786648284112113683e-02
7.125642365533554901e-02
7.437275758159939132e-02
7.720535861580081483e-02
7.974522318842872104e-02
8.198444611168489993e-02
8.391619346685906533e-02
8.553467430781078185e-02
8.683511291819862032e-02
8.781372317970149999e-02
8.846768639423611968e-02
8.879513366269004004e-02
8.879513366269006780e-02
8.846768639423617520e-02
8.781372317970162489e-02
8.683511291819885625e-02
8.553467430781108716e-02
8.391619346685939840e-02
8.198444611168528851e-02
7.974522318842906798e-02
7.720535861580116177e-02
7.437275758159968275e-02
7.125642365533577105e-02
6.786648284112137275e-02
6.421420260770670241e-02
6.031200390489737523e-02
5.617346421548870261e-02
5.181330980578816719e-02
4.724739552987337193e-02
4.249267081387184813e-02
3.756713079370305880e-02
3.248975199529997165e-02
2.728041241791121993e-02
2.195979639153666091e-02
1.654928510756912066e-02
1.107083424285698614e-02
5.546840585531480870e-03
6.107515237000939699e-03
1.218967592647804063e-02
1.822130212582721842e-02
2.417755937736008540e-02
3.003412229740244285e-02
3.576732761634634356e-02
4.135431384899980467e-02
4.677314531514890211e-02
5.200291884228194772e-02
5.702385213193074398e-02
6.181735342434301755e-02
6.636607272215140629e-02
7.065393540581677012e-02
7.466615957117099522e-02
7.838925882804256839e-02
8.181103261078775946e-02
8.492054626451740751e-02
8.770810328781815379e-02
9.016521214059340650e-02
9.228454997372728674e-02
9.405992551655320555e-02
9.548624318003778866e-02
9.655947020930620572e-02
9.727660845887987906e-02
9.763567207674936355e-02
9.763567207674937742e-02
9.727660845887994845e-02
9.655947020930631675e-02
9.548624318003801070e-02
9.405992551655348310e-02
9.228454997372761981e-02
9.016521214059380895e-02
8.770810328781854237e-02
8.492054626451774058e-02
8.181103261078806477e-02
7.838925882804287371e-02
7.466615957117127278e-02
7.065393540581703380e-02
6.636607272215164222e-02
6.181735342434324654e-02
5.702385213193098684e-02
5.200291884228221140e-02
4.677314531514915191e-02
4.135431384900002671e-02
3.576732761634651009e-02
3.003412229740258163e-02
2.417755937736020336e-02
1.822130212582729128e-02
1.218967592647809267e-02
6.107515237000962251e-03
6.693544435994253777e-03
1.335905210022707464e-02
1.996868809190166863e-02
2.649501669467415471e-02
3.291118977799223355e-02
3.919112232368328341e-02
4.530965167080114320e-02
5.124267775544226466e-02
5.696728239217505735e-02
6.246182645531004468e-02
6.770602462780142550e-02
7.268099815354873983e-02
7.736930672223819860e-02
8.175496120970351943e-02
8.582341947487601153e-02
8.956156776899165672e-02
9.295769054366284645e-02
9.600143155773313564e-02
9.868374918914339655e-02
1.009968687709034002e-01
1.029342346046369788e-01
1.044904640760931369e-01
1.056613060186055303e-01
1.064436051552279106e-01
1.068352741086781577e-01
1.068352741086781854e-01
1.064436051552280216e-01
1.056613060186057246e-01
1.044904640760933867e-01
1.029342346046372841e-01
1.009968687709037888e-01
9.868374918914377125e-02
9.600143155773349646e-02
9.295769054366317952e-02
8.956156776899194816e-02
8.582341947487630296e-02
8.175496120970381086e-02
7.736930672223843453e-02
7.268099815354897575e-02
6.770602462780167530e-02
6.246182645531030142e-02
5.696728239217530715e-02
5.124267775544251446e-02
4.530965167080137912e-02
3.919112232368347770e-02
3.291118977799239315e-02
2.649501669467427267e-02
1.996868809190175190e-02
1.335905210022713709e-02
6.693544435994280666e-03
7.307610406748991233e-03
1.458429994653434418e-02
2.179938144687822155e-02
2.892262953144262780e-02
3.592449779620907752e-02
4.277632022959342029e-02
4.945049275507926168e-02
5.592063164364393518e-02
6.216170651566599314e-02
6.815014666933298659e-02
7.386392047800395544e-02
7.928258854200394279e-02
8.438733211988370952e-02
8.916095907052885849e-02
9.358789009276623216e-02
9.765412844663994008e-02
1.013472165834092276e-01
1.046561832103081180e-01
1.075714842873435606e-01
1.100849413161060636e-01
1.121896800549980894e-01
1.138800725010922915e-01
1.151516846337948818e-01
1.160012320347480752e-01
1.164265450940571017e-01
1.164265450940571434e-01
1.160012320347481724e-01
1.151516846337950623e-01
1.138800725010925552e-01
1.121896800549984918e-01
1.100849413161064799e-01
1.075714842873439908e-01
1.046561832103085066e-01
1.013472165834096300e-01
9.765412844664028702e-02
9.358789009276655135e-02
8.916095907052916381e-02
8.438733211988398708e-02
7.928258854200419259e-02
7.386392047800420524e-02
6.815014666933322252e-02
6.216170651566623601e-02
5.592063164364419192e-02
4.945049275507950454e-02
4.277632022959362845e-02
3.592449779620923017e-02
2.892262953144274576e-02
2.179938144687831175e-02
1.458429994653439969e-02
7.307610406749024193e-03
7.952597244467380852e-03
1.587115583228306676e-02
2.372190821763422997e-02
3.147162218800905048e-02
3.908785164580799026e-02
4.653916804340206548e-02
5.379536747627858967e-02
6.082764954838824206e-02
6.760876535751196570e-02
7.411313322835190454e-02
8.031692207287742524e-02
8.619810341657942188e-02
9.173647414476381046e-02
9.691365285976205612e-02
1.017130533790200630e-01
1.061198393413926994e-01
1.101208641330260196e-01
1.137046004127465759e-01
1.168610634338166643e-01
1.195817321511790376e-01
1.218594717981571346e-01
1.236884612394829330e-01
1.250641279807335748e-01
1.259830932559123373e-01
1.264431291387450584e-01
1.264431291387451417e-01
1.259830932559124761e-01
1.250641279807337691e-01
1.236884612394832661e-01
1.218594717981576064e-01
1.195817321511795650e-01
1.168610634338171639e-01
1.137046004127470061e-01
1.101208641330264498e-01
1.061198393413930741e-01
1.017130533790204377e-01
9.691365285976243082e-02
9.173647414476411577e-02
8.619810341657967168e-02
8.031692207287768892e-02
7.411313322835215434e-02
6.760876535751225713e-02
6.082764954838852656e-02
5.379536747627882559e-02
4.653916804340228752e-02
3.908785164580816374e-02
3.147162218800916844e-02
2.372190821763432364e-02
1.587115583228312574e-02
7.952597244467415546e-03
8.631622738837474093e-03
1.722581792049629815e-02
2.574547340336661230e-02
3.415409935715134349e-02
4.241611855561177452e-02
5.049713282192829639e-02
5.836415955824473395e-02
6.598583371611856097e-02
7.333257213764177163e-02
8.037669881368526836e-02
8.709253116857444688e-02
9.345642890667242575e-02
9.944680818282999879e-02
1.050441248447355896e-01
1.102308312221592923e-01
1.149913114068847886e-01
1.193118001945556728e-01
1.231802908738354879e-01
1.265864368839975107e-01
1.295214520566363992e-01
1.319780137469685477e-01
1.339501726779487034e-01
1.354332727937441194e-01
1.364238838694226130e-01
1.369197490662656946e-01
1.369197490662657501e-01
1.364238838694227796e-01
1.354332727937444247e-01
1.339501726779491753e-01
1.319780137469691028e-01
1.295214520566369820e-01
1.265864368839979825e-01
1.231802908738359459e-01
1.193118001945561030e-01
1.149913114068851910e-01
1.102308312221597225e-01
1.050441248447359782e-01
9.944680818283034573e-02
9.345642890667270331e-02
8.709253116857468280e-02
8.037669881368550429e-02
7.333257213764206306e-02
6.598583371611881077e-02
5.836415955824495599e-02
5.049713282192848374e-02
4.241611855561196187e-02
3.415409935715148920e-02
2.574547340336670945e-02
1.722581792049636060e-02
8.631622738837507053e-03
9.348075790386215639e-03
1.865501970749803076e-02
2.788006811818455680e-02
3.698318328161797480e-02
4.592539039755953040e-02
5.466908513045456303e-02
6.317830421865348878e-02
7.141895362019946847e-02
7.935899066325133311e-02
8.696855872017288103e-02
9.422007488106255713e-02
1.010882728587058077e-01
1.075502048351482109e-01
1.135852071141910530e-01
1.191748352579968112e-01
1.243027748694313928e-01
1.289547343644763533e-01
1.331183260040422756e-01
1.367829411717013388e-01
1.399396254444006948e-01
1.425809584551319675e-01
1.447009429315994355e-01
1.462949066468716142e-01
1.473594203617681342e-01
1.478922341906293847e-01
1.478922341906294680e-01
1.473594203617683562e-01
1.462949066468719750e-01
1.447009429315999074e-01
1.425809584551325226e-01
1.399396254444012500e-01
1.367829411717018384e-01
1.331183260040426919e-01
1.289547343644767696e-01
1.243027748694318091e-01
1.191748352579972831e-01
1.135852071141914693e-01
1.075502048351485718e-01
1.010882728587061269e-01
9.422007488106286244e-02
8.696855872017315858e-02
7.935899066325156903e-02
7.141895362019967664e-02
6.317830421865369694e-02
5.466908513045475038e-02
4.592539039755969693e-02
3.698318328161810664e-02
2.788006811818465741e-02
1.865501970749810015e-02
9.348075790386252068e-03
1.010566071520936290e-02
2.016611700092506287e-02
3.013659608025560585e-02
3.997317525357645118e-02
4.963317462255381618e-02
5.907551308367694348e-02
6.826101856571523130e-02
7.715268588277440776e-02
8.571587817499123907e-02
9.391847052269239327e-02
1.017309367767971762e-01
1.091263828119400647e-01
1.160805311848659427e-01
1.225716635188835862e-01
1.285805278262056317e-01
1.340902184483675763e-01
1.390860363898759888e-01
1.435553376061558806e-01
1.474873763543649019e-01
1.508731500941329351e-01
1.537052516975592753e-01
1.559777339464453183e-01
1.576859905003749340e-01
1.588266567401489804e-01
1.593975331438542697e-01
1.593975331438543530e-01
1.588266567401492302e-01
1.576859905003752949e-01
1.559777339464457901e-01
1.537052516975598304e-01
1.508731500941335457e-01
1.474873763543654570e-01
1.435553376061563247e-01
1.390860363898764329e-01
1.340902184483680204e-01
1.285805278262060203e-01
1.225716635188840858e-01
1.160805311848663451e-01
1.091263828119403978e-01
1.017309367767974260e-01
9.391847052269260143e-02
8.571587817499146111e-02
7.715268588277461592e-02
6.826101856571542559e-02
5.907551308367713777e-02
4.963317462255396884e-02
3.997317525357659690e-02
3.013659608025571340e-02
2.016611700092513920e-02
1.010566071520940280e-02
1.090845006952616963e-02
2.176719150073723463e-02
3.252702394833636990e-02
4.313974702987839749e-02
5.355861975540236047e-02
6.373877401598417036e-02
7.363757107775609212e-02
8.321489317019169218e-02
9.243336563124687766e-02
1.012585084188082213e-01
1.096588188914935924e-01
1.176057904273914295e-01
1.250738735734919227e-01
1.320403879502719258e-01
1.384853940795744143e-01
1.443915347079573752e-01
1.497438551405041729e-01
1.545296116763403005e-01
1.587380765454694531e-01
1.623603468802069794e-01
1.653891642945268803e-01
1.678187506562476006e-01
1.696446646680338233e-01
1.708636829545986946e-01
1.714737085007844164e-01
1.714737085007845552e-01
1.708636829545989999e-01
1.696446646680341841e-01
1.678187506562481279e-01
1.653891642945274909e-01
1.623603468802076455e-01
1.587380765454700915e-01
1.545296116763408556e-01
1.497438551405046725e-01
1.443915347079579026e-01
1.384853940795749416e-01
1.320403879502724254e-01
1.250738735734923390e-01
1.176057904273917765e-01
1.096588188914938422e-01
1.012585084188084433e-01
9.243336563124711358e-02
8.321489317019191423e-02
7.363757107775625865e-02
6.373877401598433690e-02
5.355861975540252007e-02
4.313974702987853627e-02
3.252702394833646010e-02
2.176719150073731096e-02
1.090845006952621300e-02
1.176094806215810876e-02
2.346717498416135694e-02
3.506456118247420345e-02
4.650016916219849167e-02
5.772278335319305786e-02
6.868339214710122986e-02
7.933559855913323300e-02
8.963595008898934957e-02
9.954418276099641361e-02
1.090233786297999108e-01
1.180400399429775982e-01
1.265640864326400550e-01
1.345687847314383512e-01
1.420306206291376550e-01
1.489291258338628077e-01
1.552466711633833929e-01
1.609682377878430826e-01
1.660811774132316121e-01
1.705749712709656307e-01
1.744409965866988155e-01
1.776723079440935549e-01
1.802634397159843804e-01
1.822102345609139806e-01
1.835097019094277249e-01
1.841599094039001461e-01
1.841599094039002571e-01
1.835097019094280302e-01
1.822102345609144247e-01
1.802634397159850188e-01
1.776723079440942210e-01
1.744409965866994539e-01
1.705749712709663524e-01
1.660811774132321950e-01
1.609682377878436099e-01
1.552466711633839203e-01
1.489291258338633905e-01
1.420306206291382378e-01
1.345687847314387953e-01
1.265640864326403880e-01
1.180400399429778618e-01
1.090233786298001745e-01
9.954418276099667728e-02
8.963595008898957162e-02
7.933559855913344117e-02
6.868339214710145191e-02
5.772278335319325215e-02
4.650016916219862351e-02
3.506456118247431447e-02
2.346717498416143674e-02
1.176094806215814345e-02
1.266816719494488416e-02
2.527599919127587746e-02
3.776387663520061611e-02
5.007358508324823154e-02
6.214895234807009394e-02
7.393641266009451374e-02
8.538548092268623269e-02
9.644912586563605950e-02
1.070840366939495025e-01
1.172507833964173546e-01
1.269138758179766957e-01
1.360417306287527717e-01
1.446065582904837998e-01
1.525841840009777295e-01
1.599538174633557963e-01
1.666977863238702506e-01
1.728012474342530413e-01
1.782518889177773791e-01
1.830396345384628087e-01
1.871563602515290137e-01
1.905956311791643931e-01
1.933524657026825799e-01
1.954231319502099384e-01
1.968049807182980504e-01
1.974963178014881027e-01
1.974963178014882137e-01
1.968049807182983557e-01
1.954231319502103548e-01
1.933524657026830795e-01
1.905956311791649482e-01
1.871563602515295410e-01
1.830396345384635304e-01
1.782518889177780730e-01
1.728012474342536797e-01
1.666977863238708057e-01
1.599538174633562959e-01
1.525841840009782013e-01
1.446065582904842439e-01
1.360417306287531602e-01
1.269138758179770843e-01
1.172507833964176877e-01
1.070840366939498495e-01
9.644912586563636481e-02
8.538548092268648249e-02
7.393641266009479129e-02
6.214895234807032987e-02
5.007358508324839114e-02
3.776387663520072713e-02
2.527599919127596420e-02
1.266816719494492927e-02
1.363572152634556778e-02
2.720477795079666652e-02
4.064136108380413809e-02
5.388134218752369670e-02
6.686302829574455875e-02
7.952782522252059560e-02
9.182078660588098573e-02
1.036910357569191393e-01
1.150920547527482241e-01
1.259818424439431983e-01
1.363229493037591833e-01
1.460824019739105084e-01
1.552315338007663748e-01
1.637457396209337779e-01
1.716041736947123697e-01
1.787894092344887165e-01
1.852870767075215086e-01
1.910854962851620542e-01
1.961753177135793780e-01
2.005491787017899541e-01
2.042013908183523963e-01
2.071276599653716632e-01
2.093248468189451428e-01
2.107907712120666022e-01
2.115240632822660838e-01
2.115240632822662226e-01
2.107907712120668797e-01
2.093248468189455036e-01
2.071276599653721628e-01
2.042013908183529236e-01
2.005491787017905370e-01
1.961753177135799608e-01
1.910854962851626926e-01
1.852870767075222025e-01
1.787894092344894381e-01
1.716041736947129803e-01
1.637457396209342775e-01
1.552315338007669021e-01
1.460824019739109247e-01
1.363229493037595996e-01
1.259818424439436146e-01
1.150920547527486265e-01
1.036910357569195140e-01
9.182078660588131880e-02
7.952782522252091479e-02
6.686302829574483630e-02
5.388134218752389099e-02
4.064136108380426299e-02
2.720477795079674979e-02
1.363572152634561635e-02
1.466994095964073083e-02
2.926603000176106195e-02
4.371544756169554874e-02
5.794739428729785841e-02
7.189399342486388345e-02
8.549107332836237971e-02
9.867880452139796144e-02
1.114021758034112741e-01
1.236113041161810977e-01
1.352615823228479619e-01
1.463136769792064695e-01
1.567333941623635374e-01
1.664914353177375517e-01
1.755630669872784988e-01
1.839277284600710771e-01
1.915686002118511255e-01
1.984721538761821946e-01
2.046277018017700899e-01
2.100269613289024451e-01
2.146636460236990840e-01
2.185330934270836023e-01
2.216319365215063952e-01
2.239578241481323118e-01
2.255091940287571872e-01
2.262851008332435465e-01
2.262851008332436298e-01
2.255091940287574925e-01
2.239578241481326726e-01
2.216319365215068393e-01
2.185330934270841019e-01
2.146636460236997224e-01
2.100269613289031112e-01
2.046277018017707006e-01
1.984721538761828330e-01
1.915686002118517084e-01
1.839277284600717710e-01
1.755630669872790539e-01
1.664914353177381068e-01
1.567333941623639815e-01
1.463136769792068581e-01
1.352615823228484337e-01
1.236113041161815973e-01
1.114021758034117321e-01
9.867880452139829450e-02
8.549107332836269890e-02
7.189399342486416100e-02
5.794739428729807351e-02
4.371544756169569446e-02
2.926603000176116950e-02
1.466994095964078634e-02
1.577801231045629013e-02
3.147395353491134334e-02
4.700700487391912957e-02
6.229879397510827005e-02
7.727447778805074385e-02
9.186367014466707837e-02
1.060011823479371507e-01
1.196275588191468842e-01
1.326894035857170140e-01
1.451395057520611653e-01
1.569367821278548902e-01
1.680460623785994811e-01
1.784377463205417680e-01
1.880873645503713942e-01
1.969750729464425365e-01
2.050851092766624306e-01
2.124052367835860822e-01
2.189261957168336936e-01
2.246411797765613394e-01
2.295453506370205565e-01
2.336354003447764227e-01
2.369091685454379481e-01
2.393653192233205496e-01
2.410030799215865105e-01
2.418220451887071187e-01
2.418220451887072298e-01
2.410030799215867048e-01
2.393653192233208826e-01
2.369091685454383367e-01
2.336354003447769501e-01
2.295453506370211394e-01
2.246411797765619223e-01
2.189261957168342765e-01
2.124052367835866928e-01
2.050851092766630690e-01
1.969750729464432859e-01
1.880873645503720604e-01
1.784377463205423786e-01
1.680460623786000640e-01
1.569367821278555009e-01
1.451395057520617204e-01
1.326894035857176246e-01
1.196275588191473838e-01
1.060011823479375809e-01
9.186367014466741143e-02
7.727447778805103529e-02
6.229879397510852679e-02
4.700700487391926141e-02
3.147395353491144049e-02
1.577801231045635258e-02
1.696815474727311063e-02
3.384476695350886744e-02
5.053982442396128677e-02
6.696629895116544551e-02
8.304145360756369498e-02
9.868794711431805311e-02
1.138346959065366926e-01
1.284174735395221811e-01
1.423792456554791030e-01
1.556702549718247952e-01
1.682478834015526392e-01
1.800763269036378400e-01
1.911261230354585339e-01
2.013735719472229402e-01
2.108000894986652718e-01
2.193915271647697840e-01
2.271374882646659821e-01
2.340306645054172352e-01
2.400662114234886346e-01
2.452411764030453800e-01
2.495539887695637782e-01
2.530040180921482862e-01
2.555912042781253168e-01
2.573157612455610477e-01
2.581779548112913547e-01
2.581779548112914102e-01
2.573157612455612697e-01
2.555912042781255944e-01
2.530040180921486193e-01
2.495539887695642778e-01
2.452411764030459906e-01
2.400662114234893285e-01
2.340306645054179568e-01
2.271374882646667037e-01
2.193915271647705056e-01
2.108000894986660489e-01
2.013735719472236896e-01
1.911261230354593388e-01
1.800763269036385616e-01
1.682478834015533053e-01
1.556702549718254058e-01
1.423792456554797137e-01
1.284174735395226807e-01
1.138346959065371783e-01
9.868794711431840005e-02
8.304145360756400029e-02
6.696629895116570919e-02
5.053982442396143249e-02
3.384476695350895764e-02
1.696815474727316267e-02
1.824983972512727801e-02
3.639713510788969431e-02
5.434122691725160742e-02
7.198512379802865513e-02
8.923709057672052358e-02
1.060119687985047049e-01
1.222321806243695796e-01
1.378283937769258505e-01
1.527398505248524496e-01
1.669143850782060789e-01
1.803081696028930869e-01
1.928852387989408723e-01
2.046168469704317816e-01
2.154807107043964498e-01
2.254601859362256877e-01
2.345434216190853405e-01
2.427225246048910490e-01
2.499927626166807137e-01
2.563518250089308337e-01
2.617991547821085785e-01
2.663353602382849128e-01
2.699617107754658241e-01
2.726797185514714394e-01
2.744908059712412585e-01
2.753960579996058700e-01
2.753960579996059810e-01
2.744908059712413695e-01
2.726797185514717725e-01
2.699617107754663792e-01
2.663353602382855234e-01
2.617991547821091336e-01
2.563518250089314443e-01
2.499927626166813799e-01
2.427225246048918539e-01
2.345434216190862009e-01
2.254601859362266314e-01
2.154807107043974490e-01
2.046168469704326698e-01
1.928852387989415385e-01
1.803081696028937808e-01
1.669143850782067728e-01
1.527398505248530880e-01
1.378283937769263778e-01
1.222321806243700099e-01
1.060119687985050518e-01
8.923709057672085665e-02
7.198512379802890493e-02
5.434122691725178783e-02
3.639713510788981227e-02
1.824983972512733699e-02
1.963406904534631056e-02
3.915270683567099314e-02
5.844282433912681429e-02
7.739587874697705094e-02
9.590981610278510872e-02
1.138906568786105383e-01
1.312536640155110568e-01
1.479240704189591638e-01
1.638373775887987938e-01
1.789392652132542338e-01
1.931851711328728405e-01
2.065396117188006420e-01
2.189753153429312982e-01
2.304722379637055563e-01
2.410165219227557998e-01
2.505994487704548135e-01
2.592164259191324649e-01
2.668660363474835706e-01
2.735491712134454079e-01
2.792682574781730209e-01
2.840265866260016647e-01
2.878277462199592129e-01
2.906751531810533029e-01
2.925716860883264547e-01
2.935194132162849412e-01
2.935194132162850522e-01
2.925716860883266768e-01
2.906751531810534694e-01
2.878277462199596015e-01
2.840265866260021088e-01
2.792682574781736315e-01
2.735491712134461850e-01
2.668660363474842923e-01
2.592164259191332421e-01
2.505994487704557017e-01
2.410165219227567157e-01
2.304722379637065832e-01
2.189753153429322141e-01
2.065396117188013081e-01
1.931851711328735344e-01
1.789392652132549555e-01
1.638373775887995154e-01
1.479240704189597466e-01
1.312536640155114731e-01
1.138906568786108714e-01
9.590981610278544178e-02
7.739587874697730074e-02
5.844282433912702246e-02
3.915270683567114579e-02
1.963406904534638342e-02
2.113372962058698151e-02
4.213679885032120542e-02
6.288148485660764730e-02
8.324575074796757013e-02
1.031156382088323775e-01
1.223871785976412135e-01
1.409677481401047650e-01
1.587768462946009262e-01
1.757463241981294666e-01
1.918201270531391667e-01
2.069536379965433159e-01
2.211127216004573903e-01
2.342725647187874072e-01
2.464164038847386773e-01
2.575342150206372249e-01
2.676214256208456210e-01
2.766776939537002877e-01
2.847057856406757237e-01
2.917105660191944838e-01
2.976981172911363771e-01
3.026749825675895123e-01
3.066475342973156160e-01
3.096214618644559380e-01
3.116013719847263719e-01
3.125904955609225544e-01
3.125904955609226099e-01
3.116013719847263719e-01
3.096214618644561045e-01
3.066475342973158935e-01
3.026749825675900674e-01
2.976981172911369322e-01
2.917105660191952610e-01
2.847057856406765564e-01
2.766776939537010649e-01
2.676214256208465647e-01
2.575342150206382241e-01
2.464164038847397042e-01
2.342725647187882676e-01
2.211127216004581675e-01
2.069536379965440098e-01
1.918201270531399438e-01
1.757463241981301605e-01
1.587768462946015924e-01
1.409677481401053478e-01
1.223871785976416021e-01
1.031156382088327245e-01
8.324575074796783380e-02
6.288148485660781384e-02
4.213679885032133032e-02
2.113372962058704743e-02
2.276405058668039272e-02
4.537927408841919974e-02
6.770056548901490223e-02
8.959000117945319086e-02
1.109198073869356177e-01
1.315746711630170207e-01
1.514533036526660437e-01
1.704692424212104485e-01
1.885509458559790907e-01
2.056412808046297058e-01
2.216965321997037830e-01
2.366850719676982795e-01
2.505858180470220686e-01
2.633865978358247983e-01
2.750825086542089126e-01
2.856743447385904910e-01
2.951671386341475634e-01
3.035688462423247747e-01
3.108891899315205931e-01
3.171386630995881584e-01
3.223276920559045577e-01
3.264659465372580227e-01
3.295617879947284057e-01
3.316218444252002073e-01
3.326507014817563501e-01
3.326507014817564611e-01
3.316218444252003739e-01
3.295617879947286277e-01
3.264659465372583003e-01
3.223276920559051684e-01
3.171386630995889355e-01
3.108891899315213703e-01
3.035688462423254963e-01
2.951671386341483405e-01
2.856743447385912127e-01
2.750825086542096898e-01
2.633865978358256865e-01
2.505858180470229568e-01
2.366850719676991122e-01
2.216965321997045324e-01
2.056412808046304552e-01
1.885509458559796736e-01
1.704692424212111146e-01
1.514533036526666820e-01
1.315746711630175481e-01
1.109198073869360202e-01
8.959000117945349617e-02
6.770056548901512428e-02
4.537927408841933852e-02
2.276405058668045864e-02
2.454319863771536880e-02
4.891568142766027083e-02
7.295150183157961266e-02
9.649388109389471502e-02
1.193989189964398678e-01
1.415383950148252079e-01
1.628015528863319128e-01
1.830958738815958720e-01
2.023469359999465478e-01
2.204975181096969494e-01
2.375061380299437197e-01
2.533452160236099315e-01
2.679990376657779283e-01
2.814616607573293128e-01
2.937348770217831917e-01
3.048263060451595341e-01
3.147476696019749220e-01
3.235132707629551074e-01
3.311386843649749556e-01
3.376396531197910500e-01
3.430311760191823156e-01
3.473267718010832894e-01
3.505378991519996768e-01
3.526735162395900347e-01
3.537397644591463441e-01
3.537397644591463441e-01
3.526735162395902567e-01
3.505378991519999543e-01
3.473267718010838445e-01
3.430311760191831483e-01
3.376396531197918827e-01
3.311386843649757328e-01
3.235132707629558291e-01
3.147476696019755882e-01
3.048263060451601447e-01
2.937348770217839689e-01
2.814616607573301454e-01
2.679990376657787610e-01
2.533452160236109307e-01
2.375061380299444691e-01
2.204975181096976988e-01
2.023469359999471584e-01
1.830958738815965103e-01
1.628015528863325789e-01
1.415383950148257908e-01
1.193989189964403119e-01
9.649388109389503421e-02
7.295150183157984858e-02
4.891568142766043736e-02
2.454319863771545207e-02
2.649306253652080820e-02
5.278875115292692294e-02
7.869587931574856254e-02
1.040351023681062442e-01
1.286435924901039307e-01
1.523784370135122246e-01
1.751186389962405554e-01
1.967657642188945233e-01
2.172434061525141680e-01
2.364957176042678799e-01
2.544852857867639928e-01
2.711906164310203260e-01
2.866034558351505113e-01
3.007261305059313328e-01
3.135690326304349518e-01
3.251483328182893651e-01
3.354839629656376498e-01
3.445978828425455553e-01
3.525126236456333495e-01
3.592500889954188814e-01
3.648305870999507539e-01
3.692720654958936422e-01
3.725895205725968107e-01
3.747945569220141326e-01
3.758950756560922590e-01
3.758950756560924256e-01
3.747945569220143547e-01
3.725895205725970327e-01
3.692720654958941973e-01
3.648305870999514200e-01
3.592500889954196031e-01
3.525126236456340156e-01
3.445978828425462215e-01
3.354839629656380939e-01
3.251483328182900312e-01
3.135690326304356734e-01
3.007261305059319989e-01
2.866034558351513439e-01
2.711906164310211587e-01
2.544852857867647700e-01
2.364957176042686571e-01
2.172434061525148896e-01
1.967657642188952449e-01
1.751186389962411105e-01
1.523784370135126687e-01
1.286435924901042638e-01
1.040351023681066051e-01
7.869587931574882622e-02
5.278875115292709641e-02
2.649306253652090187e-02
2.864030035544094452e-02
5.705038133177803283e-02
8.500816191038146341e-02
1.123070565726778519e-01
1.387619115823572891e-01
1.642131215528790655e-01
1.885288018662235332e-01
2.116051378452276643e-01
2.333652067869476099e-01
2.537566603680965205e-01
2.727486710818239346e-01
2.903285080785567018e-01
3.064980387378725690e-01
3.212703728008104997e-01
3.346667901757358621e-01
3.467140296319256021e-01
3.574419665997406459e-01
3.668816739959562256e-01
3.750638383795940056e-01
3.820174921163004833e-01
3.877690178893081208e-01
3.923413825099437147e-01
3.957535607204791805e-01
3.980201152197775927e-01
3.991509055871163558e-01
3.991509055871164668e-01
3.980201152197778147e-01
3.957535607204794581e-01
3.923413825099443808e-01
3.877690178893087869e-01
3.820174921163012605e-01
3.750638383795946162e-01
3.668816739959568918e-01
3.574419665997411455e-01
3.467140296319263237e-01
3.346667901757365837e-01
3.212703728008111104e-01
3.064980387378731796e-01
2.903285080785574790e-01
2.727486710818248783e-01
2.537566603680974087e-01
2.333652067869483315e-01
2.116051378452283027e-01
1.885288018662240883e-01
1.642131215528794819e-01
1.387619115823576221e-01
1.123070565726781711e-01
8.500816191038171321e-02
5.705038133177819243e-02
2.864030035544103472e-02
3.101775755346492316e-02
6.176431190836278312e-02
9.197933042132137860e-02
1.214230504298663416e-01
1.498838757137682665e-01
1.771833357494232153e-01
2.031783090705467920e-01
2.277607785088450187e-01
2.508556227819521145e-01
2.724170459993466298e-01
2.924242300938787453e-01
3.108767060635097557e-01
3.277898182369723967e-01
3.431905317837020131e-01
3.571137256397725057e-01
3.695990289339365908e-01
3.806881998054427174e-01
3.904230081619445292e-01
3.988435637604858530e-01
4.059870232008810365e-01
4.118866098310372537e-01
4.165708859340944148e-01
4.200632245795986042e-01
4.223814376495007572e-01
4.235375258854790492e-01
4.235375258854791047e-01
4.223814376495010348e-01
4.200632245795988817e-01
4.165708859340948589e-01
4.118866098310378643e-01
4.059870232008816471e-01
3.988435637604862971e-01
3.904230081619450288e-01
3.806881998054434391e-01
3.695990289339373125e-01
3.571137256397731718e-01
3.431905317837026237e-01
3.277898182369732294e-01
3.108767060635105328e-01
2.924242300938796890e-01
2.724170459993474069e-01
2.508556227819528361e-01
2.277607785088456294e-01
2.031783090705473749e-01
1.771833357494237426e-01
1.498838757137687105e-01
1.214230504298667024e-01
9.197933042132165615e-02
6.176431190836296353e-02
3.101775755346501684e-02
3.366641795005598931e-02
6.700977832688684299e-02
9.972179743667498875e-02
1.315219390116980913e-01
1.621672050934263309e-01
1.914580366604988204e-01
2.192403201576954008e-01
2.454040443376533653e-01
2.698794598326688665e-01
2.926316707534590833e-01
3.136544972308345502e-01
3.329642678446311232e-01
3.505939963628052491e-01
3.665882104572522615e-01
3.809985516657157234e-01
3.938801606586057602e-01
4.052887955261493258e-01
4.152785950858934316e-01
4.239003852995232857e-01
4.312004270957008889e-01
4.372195122998657202e-01
4.419923268157978091e-01
4.455470140143197311e-01
4.479048849131482823e-01
4.490802344198200347e-01
4.490802344198199236e-01
4.479048849131483379e-01
4.455470140143198421e-01
4.419923268157982532e-01
4.372195122998662753e-01
4.312004270957013330e-01
4.239003852995237298e-01
4.152785950858938757e-01
4.052887955261499364e-01
3.938801606586063708e-01
3.809985516657163895e-01
3.665882104572530387e-01
3.505939963628061373e-01
3.329642678446321780e-01
3.136544972308356605e-01
2.926316707534599160e-01
2.698794598326697547e-01
2.454040443376540592e-01
2.192403201576960670e-01
1.914580366604993200e-01
1.621672050934267195e-01
1.315219390116983966e-01
9.972179743667526630e-02
6.700977832688699565e-02
3.366641795005606563e-02
3.663813591987217372e-02
7.288658601245355528e-02
1.083761419867936698e-01
1.427757030868245791e-01
1.758049689877399235e-01
2.072412856414499738e-01
2.369208905620829864e-01
2.647356188514040087e-01
2.906265014576113193e-01
3.145756799509857315e-01
3.365978202313698042e-01
3.567318717213752155e-01
3.750336889123652151e-01
3.915697620167861159e-01
4.064121099072321441e-01
4.196342665086210677e-01
4.313082265546556715e-01
4.415021913559563638e-01
4.502789552560131359e-01
4.576947875825335132e-01
4.637986854569272621e-01
4.686318950149117590e-01
4.722276197487341731e-01
4.746108535689524399e-01
4.757982924608324393e-01
4.757982924608325503e-01
4.746108535689525509e-01
4.722276197487343952e-01
4.686318950149119811e-01
4.637986854569274842e-01
4.576947875825337353e-01
4.502789552560132469e-01
4.415021913559566968e-01
4.313082265546562266e-01
4.196342665086218449e-01
4.064121099072328103e-01
3.915697620167868376e-01
3.750336889123661588e-01
3.567318717213764367e-01
3.365978202313709700e-01
3.145756799509867863e-01
2.906265014576122074e-01
2.647356188514048414e-01
2.369208905620837080e-01
2.072412856414505566e-01
1.758049689877403954e-01
1.427757030868249399e-01
1.083761419867939613e-01
7.288658601245373569e-02
3.663813591987225005e-02
3.999953971697915028e-02
7.952228781626152765e-02
1.181204814112215701e-01
1.553997623610665346e-01
1.910356821292588658e-01
2.247812463554780815e-01
2.564663375977825899e-01
2.859910390482683362e-01
3.133152471953863927e-01
3.384467273615030525e-01
3.614292320222838861e-01
3.823317098971350525e-01
4.012391255484943353e-01
4.182450387902950650e-01
4.334458594378058915e-01
4.469365689139909170e-01
4.588076528278967614e-01
4.691429885272628275e-01
4.780184567860391587e-01
4.855010825214928216e-01
4.916485469303980005e-01
4.965089480381877363e-01
5.001207163967525959e-01
5.025126171530948094e-01
5.037037893937250654e-01
5.037037893937251765e-01
5.025126171530945873e-01
5.001207163967524849e-01
4.965089480381877363e-01
4.916485469303979450e-01
4.855010825214926551e-01
4.780184567860389921e-01
4.691429885272627720e-01
4.588076528278969834e-01
4.469365689139914721e-01
4.334458594378065022e-01
4.182450387902956757e-01
4.012391255484951125e-01
3.823317098971359407e-01
3.614292320222850519e-01
3.384467273615041627e-01
3.133152471953875029e-01
2.859910390482692244e-01
2.564663375977833670e-01
2.247812463554787477e-01
1.910356821292594209e-01
1.553997623610669510e-01
1.181204814112218893e-01
7.952228781626174969e-02
3.999953971697923355e-02
4.383773513178287895e-02
8.708254412439184189e-02
1.291837334807645066e-01
1.696671828169610263e-01
2.081567508127508959e-01
2.443816800534207856e-01
2.781721744253011774e-01
3.094469525485001871e-01
3.381967209141629738e-01
3.644667502773560330e-01
3.883406705991273578e-01
4.099266102963865510e-01
4.293460645941818421e-01
4.467254081580935288e-01
4.621897201397054400e-01
4.758584968816402250e-01
4.878428273156775186e-01
4.982436531391587486e-01
5.071508008393877942e-01
5.146425387870006141e-01
5.207854717049840154e-01
5.256346338106889782e-01
5.292336806469939425e-01
5.316151092529486366e-01
5.328004585672482252e-01
5.328004585672481142e-01
5.316151092529485256e-01
5.292336806469937205e-01
5.256346338106886451e-01
5.207854717049839044e-01
5.146425387870002810e-01
5.071508008393876832e-01
4.982436531391586376e-01
4.878428273156777406e-01
4.758584968816406691e-01
4.621897201397061616e-01
4.467254081580944725e-01
4.293460645941827303e-01
4.099266102963874392e-01
3.883406705991284680e-01
3.644667502773571988e-01
3.381967209141641395e-01
3.094469525485011863e-01
2.781721744253020101e-01
2.443816800534214795e-01
2.081567508127514232e-01
1.696671828169614704e-01
1.291837334807648674e-01
8.708254412439209169e-02
4.383773513178295528e-02
4.826885668576035016e-02
9.578642006875856540e-02
1.418647255704836851e-01
1.859284846132621960e-01
2.275424582513628224e-01
2.664165486201531818e-01
3.023937275015012305e-01
3.354278758062682053e-01
3.655579336354090603e-01
3.928828822346309146e-01
4.175400898004832939e-01
4.396879960951016186e-01
4.594931143737529533e-01
4.771208091081923230e-01
4.927291160812823922e-01
5.064648711571871909e-01
5.184615064140144503e-01
5.288379958743066878e-01
5.376985546453525444e-01
5.451328000821372699e-01
5.512161672918489685e-01
5.560104348525893858e-01
5.595642631275856704e-01
5.619136806444577914e-01
5.630824770550705294e-01
5.630824770550705294e-01
5.619136806444575694e-01
5.595642631275854484e-01
5.560104348525891638e-01
5.512161672918488575e-01
5.451328000821373809e-01
5.376985546453526554e-01
5.288379958743066878e-01
5.184615064140147833e-01
5.064648711571877460e-01
4.927291160812830584e-01
4.771208091081931557e-01
4.594931143737538415e-01
4.396879960951023958e-01
4.175400898004841266e-01
3.928828822346320804e-01
3.655579336354102260e-01
3.354278758062693711e-01
3.023937275015020631e-01
2.664165486201539035e-01
2.275424582513634331e-01
1.859284846132627511e-01
1.418647255704840737e-01
9.578642006875881521e-02
4.826885668576048199e-02
5.345127154249998402e-02
1.059295538943981901e-01
1.565602641191493893e-01
2.046395718142412501e-01
2.496680489592850161e-01
2.913483286743279166e-01
3.295583111542822463e-01
3.643128895396626210e-01
3.957242555865738698e-01
4.239667552252760485e-01
4.492488102730730071e-01
4.717921699097835653e-01
4.918175876975361960e-01
5.095355978196404179e-01
5.251410639200442265e-01
5.388103652518119180e-01
5.507003313088870700e-01
5.609482692987006747e-01
5.696726217855788699e-01
5.769739396043478408e-01
5.829359625276847590e-01
5.876266751802339261e-01
5.910992563663012289e-01
5.933928731422258851e-01
5.945332919535060157e-01
5.945332919535061267e-01
5.933928731422257741e-01
5.910992563663011179e-01
5.876266751802337041e-01
5.829359625276846479e-01
5.769739396043475077e-01
5.696726217855787588e-01
5.609482692987005636e-01
5.507003313088868479e-01
5.388103652518124731e-01
5.251410639200454478e-01
5.095355978196415281e-01
4.918175876975370286e-01
4.717921699097843979e-01
4.492488102730738952e-01
4.239667552252771032e-01
3.957242555865751465e-01
3.643128895396637867e-01
3.295583111542831900e-01
2.913483286743288603e-01
2.496680489592856822e-01
2.046395718142417774e-01
1.565602641191498334e-01
1.059295538943985648e-01
5.345127154250016444e-02
5.960667558984144437e-02
1.179202598471850716e-01
1.738072051974745014e-01
2.264014895652683435e-01
2.751418370972079641e-01
3.197504059635917217e-01
3.601782989016371617e-01
3.965411156115264402e-01
4.290594439459482490e-01
4.580110728068260695e-01
4.836962261567491206e-01
5.064142855734234949e-01
5.264494686869675144e-01
5.440629305527894255e-01
5.594891765274435658e-01
5.729351946211292956e-01
5.845811842710205708e-01
5.945821282260305152e-01
6.030697235939137535e-01
6.101543740219903533e-01
6.159270680343083004e-01
6.204610469743603307e-01
6.238132140151601002e-01
6.260252636046385044e-01
6.271245256632219656e-01
6.271245256632216325e-01
6.260252636046385044e-01
6.238132140151599891e-01
6.204610469743602197e-01
6.159270680343081894e-01
6.101543740219899092e-01
6.030697235939134204e-01
5.945821282260301821e-01
5.845811842710205708e-01
5.729351946211299618e-01
5.594891765274446760e-01
5.440629305527904247e-01
5.264494686869687357e-01
5.064142855734243831e-01
4.836962261567500643e-01
4.580110728068271797e-01
4.290594439459493037e-01
3.965411156115275504e-01
3.601782989016380498e-01
3.197504059635924434e-01
2.751418370972085192e-01
2.264014895652688431e-01
1.738072051974748899e-01
1.179202598471853630e-01
5.960667558984161785e-02
6.705517096968080515e-02
1.323376047070261297e-01
1.943468072582953121e-01
2.520173441521496027e-01
3.047474039006868307e-01
3.523331591811939556e-01
3.948633628771484050e-01
4.326138300588577290e-01
4.659613317788666720e-01
4.953218658993309154e-01
5.211107359736739664e-01
5.437192775401933353e-01
5.635030709241214408e-01
5.807774791771056488e-01
5.958175170158116485e-01
6.088600524342415721e-01
6.201070829280351804e-01
6.297293357404860625e-01
6.378697703420557197e-01
6.446467648553910745e-01
6.501568886131978697e-01
6.544772306677389961e-01
6.576672891153396705e-01
6.597704415979463999e-01
6.608150214315210436e-01
6.608150214315205995e-01
6.597704415979463999e-01
6.576672891153395595e-01
6.544772306677389961e-01
6.501568886131982028e-01
6.446467648553909635e-01
6.378697703420556087e-01
6.297293357404857295e-01
6.201070829280351804e-01
6.088600524342423492e-01
5.958175170158128697e-01
5.807774791771069811e-01
5.635030709241226621e-01
5.437192775401944456e-01
5.211107359736747435e-01
4.953218658993315260e-01
4.659613317788674491e-01
4.326138300588585062e-01
3.948633628771492377e-01
3.523331591811946772e-01
3.047474039006873303e-01
2.520173441521500468e-01
1.943468072582955897e-01
1.323376047070263239e-01
6.705517096968094393e-02
7.627640358185570901e-02
1.500281807529432743e-01
2.192250749765310980e-01
2.825736758843478413e-01
3.394972751721960780e-01
3.899714639833488650e-01
4.343281633669047181e-01
4.730895099678894544e-01
5.068501872113295725e-01
5.362043230379565095e-01
5.617055742984221611e-01
5.838490176895552164e-01
6.030660582922193758e-01
6.197263982157006357e-01
6.341433599244558073e-01
6.465804151719904969e-01
6.572577592663918500e-01
6.663583614658228349e-01
6.740332571784322102e-01
6.804060264443206885e-01
6.855764908953535519e-01
6.896236979680583357e-01
6.926082701805132968e-01
6.945741922402870472e-01
6.955500970333940991e-01
6.955500970333938771e-01
6.945741922402868251e-01
6.926082701805128528e-01
6.896236979680577805e-01
6.855764908953535519e-01
6.804060264443207995e-01
6.740332571784320992e-01
6.663583614658226129e-01
6.572577592663918500e-01
6.465804151719909409e-01
6.341433599244566954e-01
6.197263982157016349e-01
6.030660582922202639e-01
5.838490176895558825e-01
5.617055742984229383e-01
5.362043230379572867e-01
5.068501872113303497e-01
4.730895099678900650e-01
4.343281633669053843e-01
3.899714639833493091e-01
3.394972751721964110e-01
2.825736758843482299e-01
2.192250749765313200e-01
1.500281807529434963e-01
7.627640358185579228e-02
8.802226260479861786e-02
1.722736397463603686e-01
2.499516360105377699e-01
3.195550092365146422e-01
3.806965569204006083e-01
4.337272582131006526e-01
4.793883166392324813e-01
5.185658592344658535e-01
5.521455840606062093e-01
5.809396647427433891e-01
6.056582204925035073e-01
6.269051606273849941e-01
6.451857463395002101e-01
6.609186954690213778e-01
6.744491092943203370e-01
6.860604890628722030e-01
6.959851774997183327e-01
7.044130936779812169e-01
7.114988704615290427e-01
7.173675928481059172e-01
7.221193505558375358e-01
7.258328001286262765e-01
7.285679013983680230e-01
7.303679601492946150e-01
7.312610774283742066e-01
7.312610774283739845e-01
7.303679601492940598e-01
7.285679013983673569e-01
7.258328001286257214e-01
7.221193505558375358e-01
7.173675928481061392e-01
7.114988704615293758e-01
7.044130936779809948e-01
6.959851774997183327e-01
6.860604890628726471e-01
6.744491092943207811e-01
6.609186954690223770e-01
6.451857463395008763e-01
6.269051606273856603e-01
6.056582204925041735e-01
5.809396647427441662e-01
5.521455840606065424e-01
5.185658592344664086e-01
4.793883166392328699e-01
4.337272582131010967e-01
3.806965569204009969e-01
3.195550092365150308e-01
2.499516360105379642e-01
1.722736397463605906e-01
8.802226260479875664e-02
1.035390070909785604e-01
2.010924796171617845e-01
2.887528200827448321e-01
3.649981681307729597e-01
4.300066850597912271e-01
4.848526953094209335e-01
5.309319857424583677e-01
5.696400262701353245e-01
6.022266250538853560e-01
6.297505313799081073e-01
6.530824823014635960e-01
6.729276579879814868e-01
6.898530709693750929e-01
7.043135280265651055e-01
7.166738927209312937e-01
7.272272542854603117e-01
7.362093679916279498e-01
7.438099652848541021e-01
7.501815381415978257e-01
7.554461239307364018e-01
7.597005183512645088e-01
7.630202505922405454e-01
7.654625751350370155e-01
7.670686695301489610e-01
7.678651751024340166e-01
7.678651751024341277e-01
7.670686695301482949e-01
7.654625751350369045e-01
7.630202505922402123e-01
7.597005183512642867e-01
7.554461239307364018e-01
7.501815381415977146e-01
7.438099652848539911e-01
7.362093679916278388e-01
7.272272542854604227e-01
7.166738927209317378e-01
7.043135280265657716e-01
6.898530709693758700e-01
6.729276579879822640e-01
6.530824823014642622e-01
6.297505313799085513e-01
6.022266250538856891e-01
5.696400262701357686e-01
5.309319857424587008e-01
4.848526953094213776e-01
4.300066850597915047e-01
3.649981681307731263e-01
2.887528200827449987e-01
2.010924796171620066e-01
1.035390070909786020e-01
1.250412861419536170e-01
2.398044515485638073e-01
3.389689965725068421e-01
4.216781581440409710e-01
4.894793198785702404e-01
5.447448522223337086e-01
5.898469047510443986e-01
6.268356350497321650e-01
6.573703585048915610e-01
6.827533534215399769e-01
7.039935193454611717e-01
7.218699180537020421e-01
7.369853515234535690e-01
7.498084529469336568e-01
7.607056792773796428e-01
7.699652673664095781e-01
7.778150748964788308e-01
7.844358613282101933e-01
7.899711928892709789e-01
7.945348463819772444e-01
7.982163483262433301e-01
8.010851087540343807e-01
8.031934790193911988e-01
8.045789677338297530e-01
8.052657783487791043e-01
8.052657783487792154e-01
8.045789677338294199e-01
8.031934790193910878e-01
8.010851087540340476e-01
7.982163483262433301e-01
7.945348463819773555e-01
7.899711928892706458e-01
7.844358613282098602e-01
7.778150748964786088e-01
7.699652673664095781e-01
7.607056792773799758e-01
7.498084529469338788e-01
7.369853515234539021e-01
7.218699180537024862e-01
7.039935193454611717e-01
6.827533534215398658e-01
6.573703585048915610e-01
6.268356350497329421e-01
5.898469047510447316e-01
5.447448522223339307e-01
4.894793198785705179e-01
4.216781581440411375e-01
3.389689965725068976e-01
2.398044515485638073e-01
1.250412861419536725e-01
1.568216859282721420e-01
2.941150438626327079e-01
4.056405565146777303e-01
4.932661479943140637e-01
5.614875840881152769e-01
6.148004889502988179e-01
6.568751459896533529e-01
6.904852506728578199e-01
7.176658204944081909e-01
7.398990044558992896e-01
7.582683236051382947e-01
7.735731433579123850e-01
7.864099641238034843e-01
7.972292529603360878e-01
8.063751040752438204e-01
8.141130610063198603e-01
8.206498028996670469e-01
8.261472122422367503e-01
8.307325257052982082e-01
8.345057203816588220e-01
8.375449198176968535e-01
8.399103570782623374e-01
8.416472644546640902e-01
8.427879440369993036e-01
8.433531922100747646e-01
8.433531922100747646e-01
8.427879440369993036e-01
8.416472644546639792e-01
8.399103570782621153e-01
8.375449198176969645e-01
8.345057203816590441e-01
8.307325257052979861e-01
8.261472122422361952e-01
8.206498028996668248e-01
8.141130610063197492e-01
8.063751040752441535e-01
7.972292529603363098e-01
7.864099641238038174e-01
7.735731433579126071e-01
7.582683236051385167e-01
7.398990044558994006e-01
7.176658204944083019e-01
6.904852506728584860e-01
6.568751459896534639e-01
6.148004889502989290e-01
5.614875840881154989e-01
4.932661479943141747e-01
4.056405565146777303e-01
2.941150438626327634e-01
1.568216859282721420e-01
2.081304137085020212e-01
3.741934814590174851e-01
4.962120376292575852e-01
5.842582932304219989e-01
6.484043795292780965e-01
6.960943735010930444e-01
7.323679395844121531e-01
7.605644011576379038e-01
7.829086683439843153e-01
8.009085203025108068e-01
8.156076272612802214e-01
8.277443676490058300e-01
8.378521086535122286e-01
8.463234906953628345e-01
8.534524230569396908e-01
8.594620696839587737e-01
8.645238634536327460e-01
8.687706590357709979e-01
8.723059773080263923e-01
8.752105896216636483e-01
8.775472534846228134e-01
8.793641352866539140e-01
8.806972776840039652e-01
8.815723517494289396e-01
8.820058542444458860e-01
8.820058542444457750e-01
8.815723517494286066e-01
8.806972776840035211e-01
8.793641352866535810e-01
8.775472534846228134e-01
8.752105896216636483e-01
8.723059773080259482e-01
8.687706590357704428e-01
8.645238634536326350e-01
8.594620696839588847e-01
8.534524230569398018e-01
8.463234906953631675e-01
8.378521086535122286e-01
8.277443676490059410e-01
8.156076272612803324e-01
8.009085203025109179e-01
7.829086683439844263e-01
7.605644011576381258e-01
7.323679395844124862e-01
6.960943735010933775e-01
6.484043795292779855e-01
5.842582932304219989e-01
4.962120376292574186e-01
3.741934814590175407e-01
2.081304137085021877e-01
3.015064874467188183e-01
4.983164306356779316e-01
6.207558193129129043e-01
6.991506077688380838e-01
7.517772672974819548e-01
7.888046859403837763e-01
8.159378376892649776e-01
8.364957460292972158e-01
8.524959314213802486e-01
8.652187811488784019e-01
8.755092974884665091e-01
8.839445913233191510e-01
8.909306121458754335e-01
8.967601781106638859e-01
9.016490277731922243e-01
9.057589312189426867e-01
9.092129221951341655e-01
9.121055831391878810e-01
9.145101348693726040e-01
9.164834073123462321e-01
9.180693692124767269e-01
9.193016528997255410e-01
9.202053592452672515e-01
9.207983310322654935e-01
9.210920187738331766e-01
9.210920187738335096e-01
9.207983310322657156e-01
9.202053592452673625e-01
9.193016528997256520e-01
9.180693692124770600e-01
9.164834073123463432e-01
9.145101348693721599e-01
9.121055831391872148e-01
9.092129221951340545e-01
9.057589312189430197e-01
9.016490277731934455e-01
8.967601781106645520e-01
8.909306121458760996e-01
8.839445913233192620e-01
8.755092974884667312e-01
8.652187811488787350e-01
8.524959314213805817e-01
8.364957460292975489e-01
8.159378376892650886e-01
7.888046859403838873e-01
7.517772672974819548e-01
6.991506077688380838e-01
6.207558193129126822e-01
4.983164306356780426e-01
3.015064874467189293e-01
4.995791054426954036e-01
6.968099343240627963e-01
7.893442012178779610e-01
8.398110512345360323e-01
8.707493959514280846e-01
8.914092652736946842e-01
9.060829792029665430e-01
9.169848138489061773e-01
9.253605301633608393e-01
9.319613753831569314e-01
9.372661902203879292e-01
9.415940880099286092e-01
9.451655704960070237e-01
9.481375818282242740e-01
9.506245787062254093e-01
9.527117052234853611e-01
9.544633109687730155e-01
9.559286164564724242e-01
9.571455717179292444e-01
9.581435355458720604e-01
9.589451631532133202e-01
9.595677478545036054e-01
9.600241753650760046e-01
9.603235943605324954e-01
9.604718710447887053e-01
9.604718710447888164e-01
9.603235943605327174e-01
9.600241753650762266e-01
9.595677478545040495e-01
9.589451631532133202e-01
9.581435355458722825e-01
9.571455717179291334e-01
9.559286164564720911e-01
9.544633109687727934e-01
9.527117052234854722e-01
9.506245787062257424e-01
9.481375818282242740e-01
9.451655704960070237e-01
9.415940880099284982e-01
9.372661902203879292e-01
9.319613753831569314e-01
9.253605301633609503e-01
9.169848138489062883e-01
9.060829792029667651e-01
8.914092652736947953e-01
8.707493959514284176e-01
8.398110512345361434e-01
7.893442012178778500e-01
6.968099343240629073e-01
4.995791054426954592e-01
